21.077547798815	 52.100136898319	9	 URSYNÓW
 20.990180633958	 52.106142041628	9	 URSYNÓW
 20.997478932557	 52.106018578949	9	 URSYNÓW
 21.00477717851	 52.105894664731	9	 URSYNÓW
 21.012075371626	 52.105770298983	9	 URSYNÓW
 21.070458991406	 52.104759118819	9	 URSYNÓW
 21.077756700361	 52.10463068964	9	 URSYNÓW
 21.085054354562	 52.104501809009	9	 URSYNÓW
 20.990380797376	 52.110636071955	9	 URSYNÓW
 20.997679828817	 52.110512589421	9	 URSYNÓW
 21.004978807594	 52.110388655275	9	 URSYNÓW
 21.012277733515	 52.110264269528	9	 URSYNÓW
 21.019576606389	 52.110139432184	9	 URSYNÓW
 21.026875426023	 52.110014143253	9	 URSYNÓW
 21.034174192226	 52.109888402742	9	 URSYNÓW
 21.056070168333	 52.109508471805	9	 URSYNÓW
 21.063368718896	 52.10938092505	9	 URSYNÓW
 21.070667215068	 52.109252926753	9	 URSYNÓW
 21.07796565666	 52.109124476923	9	 URSYNÓW
 21.085264043479	 52.108995575566	9	 URSYNÓW
 21.092562375334	 52.108866222691	9	 URSYNÓW
 21.099860652032	 52.108736418306	15	 WILANÓW
 20.990581013266	 52.115130098292	9	 URSYNÓW
 20.997880777741	 52.115006595898	9	 URSYNÓW
 21.005180489534	 52.114882641821	9	 URSYNÓW
 21.012480148452	 52.114758236069	9	 URSYNÓW
 21.019779754304	 52.11463337865	9	 URSYNÓW
 21.027079306899	 52.11450806957	9	 URSYNÓW
 21.034378806044	 52.114382308837	9	 URSYNÓW
 21.041678251547	 52.114256096459	9	 URSYNÓW
 21.048977643218	 52.114129432445	9	 URSYNÓW
 21.056276980863	 52.1140023168	9	 URSYNÓW
 21.063576264292	 52.113874749533	9	 URSYNÓW
 21.070875493312	 52.113746730653	9	 URSYNÓW
 21.078174667732	 52.113618260166	9	 URSYNÓW
 21.085473787361	 52.11348933808	9	 URSYNÓW
 21.092772852006	 52.113359964404	9	 URSYNÓW
 21.100071861475	 52.113230139144	15	 WILANÓW
 21.107370815578	 52.11309986231	15	 WILANÓW
 20.990781281647	 52.119624120637	9	 URSYNÓW
 20.998081779348	 52.119500598381	9	 URSYNÓW
 21.005382224348	 52.119376624369	9	 URSYNÓW
 21.012682616455	 52.119252198609	9	 URSYNÓW
 21.019982955478	 52.119127321108	9	 URSYNÓW
 21.027283241224	 52.119001991875	9	 URSYNÓW
 21.034583473502	 52.118876210917	9	 URSYNÓW
 21.041883652121	 52.118749978241	9	 URSYNÓW
 21.049183776887	 52.118623293856	9	 URSYNÓW
 21.056483847609	 52.118496157768	9	 URSYNÓW
 21.063783864096	 52.118368569986	9	 URSYNÓW
 21.071083826156	 52.118240530517	9	 URSYNÓW
 21.078383733597	 52.118112039369	9	 URSYNÓW
 21.085683586226	 52.117983096551	9	 URSYNÓW
 21.092983383853	 52.117853702069	15	 WILANÓW
 21.100283126286	 52.117723855931	15	 WILANÓW
 21.107582813332	 52.117593558146	15	 WILANÓW
 20.983680318891	 52.12424122928	9	 URSYNÓW
 20.990981602537	 52.124118138992	9	 URSYNÓW
 20.998282833655	 52.123994596868	9	 URSYNÓW
 21.005584012054	 52.123870602917	9	 URSYNÓW
 21.012885137542	 52.123746157145	9	 URSYNÓW
 21.020186209928	 52.12362125956	9	 URSYNÓW
 21.027487229018	 52.12349591017	9	 URSYNÓW
 21.034788194621	 52.123370108982	9	 URSYNÓW
 21.042089106546	 52.123243856004	9	 URSYNÓW
 21.0493899646	 52.123117151244	9	 URSYNÓW
 21.056690768591	 52.122989994709	9	 URSYNÓW
 21.063991518328	 52.122862386407	9	 URSYNÓW
 21.071292213619	 52.122734326346	9	 URSYNÓW
 21.078592854272	 52.122605814534	9	 URSYNÓW
 21.085893440094	 52.122476850978	9	 URSYNÓW
 21.093193970895	 52.122347435686	15	 WILANÓW
 21.100494446482	 52.122217568666	15	 WILANÓW
 21.107794866664	 52.122087249926	15	 WILANÓW
 21.115095231248	 52.121956479474	15	 WILANÓW
 21.122395540043	 52.121825257317	15	 WILANÓW
 20.98387995868	 52.128735263442	9	 URSYNÓW
 20.991181975954	 52.128612153356	9	 URSYNÓW
 20.998483940682	 52.128488591362	9	 URSYNÓW
 21.005785852672	 52.128364577467	9	 URSYNÓW
 21.013087711733	 52.128240111679	9	 URSYNÓW
 21.020389517672	 52.128115194005	9	 URSYNÓW
 21.027691270298	 52.127989824454	9	 URSYNÓW
 21.034992969419	 52.127864003033	9	 URSYNÓW
 21.042294614842	 52.127737729749	9	 URSYNÓW
 21.049596206375	 52.127611004609	9	 URSYNÓW
 21.056897743828	 52.127483827623	9	 URSYNÓW
 21.064199227007	 52.127356198797	9	 URSYNÓW
 21.07150065572	 52.12722811814	9	 URSYNÓW
 21.078802029777	 52.127099585658	9	 URSYNÓW
 21.086103348984	 52.126970601361	15	 WILANÓW
 21.093404613151	 52.126841165255	15	 WILANÓW
 21.100705822084	 52.126711277348	15	 WILANÓW
 21.108006975593	 52.126580937649	15	 WILANÓW
 21.115308073485	 52.126450146166	15	 WILANÓW
 21.122609115568	 52.126318902905	15	 WILANÓW
 20.984079650823	 52.133229293618	9	 URSYNÓW
 20.991382401916	 52.133106163729	9	 URSYNÓW
 20.998685100445	 52.13298258186	9	 URSYNÓW
 21.005987746219	 52.132858548018	9	 URSYNÓW
 21.013290339045	 52.13273406221	9	 URSYNÓW
 21.02059287873	 52.132609124444	9	 URSYNÓW
 21.027895365084	 52.132483734727	9	 URSYNÓW
 21.035197797914	 52.132357893068	9	 URSYNÓW
 21.042500177027	 52.132231599474	9	 URSYNÓW
 21.049802502232	 52.132104853952	9	 URSYNÓW
 21.057104773337	 52.13197765651	9	 URSYNÓW
 21.06440699015	 52.131850007156	9	 URSYNÓW
 21.071709152479	 52.131721905898	9	 URSYNÓW
 21.079011260131	 52.131593352744	9	 URSYNÓW
 21.086313312915	 52.1314643477	15	 WILANÓW
 21.093615310639	 52.131334890776	15	 WILANÓW
 21.100917253111	 52.131204981979	15	 WILANÓW
 21.108219140139	 52.131074621317	15	 WILANÓW
 21.11552097153	 52.130943808797	15	 WILANÓW
 21.122822747094	 52.130812544428	15	 WILANÓW
 21.130124466637	 52.130680828218	15	 WILANÓW
 21.137426129969	 52.130548660175	15	 WILANÓW
 20.984279395337	 52.137723319807	9	 URSYNÓW
 20.991582880442	 52.137600170112	9	 URSYNÓW
 20.998886312965	 52.137476568363	9	 URSYNÓW
 21.006189692714	 52.13735251457	9	 URSYNÓW
 21.013493019497	 52.137228008738	9	 URSYNÓW
 21.020796293121	 52.137103050875	9	 URSYNÓW
 21.028099513394	 52.136977640989	9	 URSYNÓW
 21.035402680125	 52.136851779088	9	 URSYNÓW
 21.04270579312	 52.13672546518	9	 URSYNÓW
 21.050008852189	 52.136598699271	9	 URSYNÓW
 21.057311857139	 52.13647148137	9	 URSYNÓW
 21.064614807778	 52.136343811484	9	 URSYNÓW
 21.071917703913	 52.136215689621	9	 URSYNÓW
 21.079220545353	 52.136087115789	15	 WILANÓW
 21.086523331906	 52.135958089996	15	 WILANÓW
 21.09382606338	 52.13582861225	15	 WILANÓW
 21.101128739582	 52.135698682557	15	 WILANÓW
 21.108431360321	 52.135568300928	15	 WILANÓW
 21.115733925404	 52.135437467368	15	 WILANÓW
 21.12303643464	 52.135306181887	15	 WILANÓW
 21.130338887836	 52.135174444492	15	 WILANÓW
 21.137641284801	 52.135042255191	15	 WILANÓW
 20.984479192241	 52.142217342008	16	 WLOCHY
 20.99178341155	 52.142094172503	9	 URSYNÓW
 20.999087578259	 52.141970550872	9	 URSYNÓW
 21.006391692175	 52.141846477123	9	 URSYNÓW
 21.013695753107	 52.141721951263	9	 URSYNÓW
 21.020999760861	 52.141596973299	9	 URSYNÓW
 21.028303715247	 52.141471543241	9	 URSYNÓW
 21.035607616071	 52.141345661094	9	 URSYNÓW
 21.042911463141	 52.141219326866	9	 URSYNÓW
 21.050215256265	 52.141092540567	9	 URSYNÓW
 21.057518995252	 52.140965302202	9	 URSYNÓW
 21.064822679909	 52.14083761178	9	 URSYNÓW
 21.072126310043	 52.140709469308	15	 WILANÓW
 21.079429885463	 52.140580874795	15	 WILANÓW
 21.086733405977	 52.140451828248	15	 WILANÓW
 21.094036871392	 52.140322329675	15	 WILANÓW
 21.101340281516	 52.140192379084	15	 WILANÓW
 21.108643636158	 52.140061976482	15	 WILANÓW
 21.115946935125	 52.139931121878	15	 WILANÓW
 21.123250178225	 52.13979981528	15	 WILANÓW
 21.130553365266	 52.139668056696	15	 WILANÓW
 21.137856496055	 52.139535846133	15	 WILANÓW
 21.145159570402	 52.1394031836	15	 WILANÓW
 20.970068977055	 52.146956382236	16	 WLOCHY
 20.977374035421	 52.146834097336	16	 WLOCHY
 20.984679041553	 52.146711360223	16	 WLOCHY
 20.991983995259	 52.146588170903	9	 URSYNÓW
 20.999288896346	 52.146464529386	9	 URSYNÓW
 21.006593744622	 52.146340435677	9	 URSYNÓW
 21.013898539894	 52.146215889785	9	 URSYNÓW
 21.021203281971	 52.146090891717	9	 URSYNÓW
 21.028507970661	 52.145965441481	9	 URSYNÓW
 21.03581260577	 52.145839539084	9	 URSYNÓW
 21.043117187107	 52.145713184534	9	 URSYNÓW
 21.050421714479	 52.145586377839	9	 URSYNÓW
 21.057726187695	 52.145459119007	9	 URSYNÓW
 21.065030606562	 52.145331408044	9	 URSYNÓW
 21.072334970887	 52.14520324496	15	 WILANÓW
 21.079639280479	 52.145074629761	15	 WILANÓW
 21.086943535146	 52.144945562456	15	 WILANÓW
 21.094247734695	 52.144816043052	15	 WILANÓW
 21.101551878934	 52.144686071558	15	 WILANÓW
 21.10885596767	 52.14455564798	15	 WILANÓW
 21.116160000713	 52.144424772328	15	 WILANÓW
 21.123463977869	 52.144293444609	15	 WILANÓW
 21.130767898947	 52.144161664831	15	 WILANÓW
 21.138071763753	 52.144029433002	15	 WILANÓW
 21.145375572098	 52.14389674913	15	 WILANÓW
 21.152679323787	 52.143763613223	15	 WILANÓW
 20.96296156451	 52.151572288161	16	 WLOCHY
 20.970267409561	 52.151450435882	16	 WLOCHY
 20.977573202552	 52.151328131309	16	 WLOCHY
 20.984878943292	 52.15120537445	16	 WLOCHY
 20.992184631586	 52.151082165313	9	 URSYNÓW
 20.999490267243	 52.150958503904	9	 URSYNÓW
 21.006795850071	 52.150834390232	9	 URSYNÓW
 21.014101379877	 52.150709824304	9	 URSYNÓW
 21.021406856469	 52.150584806127	9	 URSYNÓW
 21.028712279655	 52.150459335709	9	 URSYNÓW
 21.036017649242	 52.150333413059	9	 URSYNÓW
 21.043322965038	 52.150207038182	9	 URSYNÓW
 21.05062822685	 52.150080211088	9	 URSYNÓW
 21.057933434487	 52.149952931784	9	 URSYNÓW
 21.065238587756	 52.149825200277	15	 WILANÓW
 21.072543686465	 52.149697016576	15	 WILANÓW
 21.079848730421	 52.149568380687	15	 WILANÓW
 21.087153719433	 52.14943929262	15	 WILANÓW
 21.094458653307	 52.149309752381	15	 WILANÓW
 21.101763531853	 52.149179759979	15	 WILANÓW
 21.109068354877	 52.149049315422	15	 WILANÓW
 21.116373122187	 52.148918418717	15	 WILANÓW
 21.123677833592	 52.148787069872	15	 WILANÓW
 21.130982488898	 52.148655268896	15	 WILANÓW
 21.138287087914	 52.148523015797	15	 WILANÓW
 21.145591630448	 52.148390310582	15	 WILANÓW
 21.152896116307	 52.148257153259	15	 WILANÓW
 21.160200545299	 52.148123543837	15	 WILANÓW
 21.167504917233	 52.147989482324	8	 WAWER
 21.174809231915	 52.147854968728	8	 WAWER
 20.955852682468	 52.156187776942	16	 WLOCHY
 20.96315931424	 52.156066357432	16	 WLOCHY
 20.970465894127	 52.155944485548	16	 WLOCHY
 20.977772421936	 52.155822161299	16	 WLOCHY
 20.985078897475	 52.15569938469	16	 WLOCHY
 20.99238532055	 52.155576155731	9	 URSYNÓW
 20.99969169097	 52.155452474427	9	 URSYNÓW
 21.006998008542	 52.155328340788	9	 URSYNÓW
 21.014304273074	 52.155203754819	9	 URSYNÓW
 21.021610484374	 52.15507871653	9	 URSYNÓW
 21.028916642248	 52.154953225927	9	 URSYNÓW
 21.036222746505	 52.154827283018	9	 URSYNÓW
 21.043528796952	 52.154700887811	9	 URSYNÓW
 21.050834793397	 52.154574040314	9	 URSYNÓW
 21.058140735647	 52.154446740534	9	 URSYNÓW
 21.065446623511	 52.154318988478	15	 WILANÓW
 21.072752456795	 52.154190784156	15	 WILANÓW
 21.080058235308	 52.154062127573	15	 WILANÓW
 21.087363958857	 52.15393301874	15	 WILANÓW
 21.094669627249	 52.153803457662	15	 WILANÓW
 21.101975240294	 52.153673444348	15	 WILANÓW
 21.109280797797	 52.153542978806	15	 WILANÓW
 21.116586299567	 52.153412061045	15	 WILANÓW
 21.123891745412	 52.153280691071	15	 WILANÓW
 21.13119713514	 52.153148868893	15	 WILANÓW
 21.138502468557	 52.153016594518	15	 WILANÓW
 21.145807745473	 52.152883867956	15	 WILANÓW
 21.153112965694	 52.152750689213	8	 WAWER
 21.160418129028	 52.152617058299	8	 WAWER
 21.167723235284	 52.152482975221	8	 WAWER
 21.175028284269	 52.152348439987	8	 WAWER
 21.18233327579	 52.152213452605	8	 WAWER
 21.189638209656	 52.152078013085	8	 WAWER
 21.196943085675	 52.151942121433	8	 WAWER
 21.204247903653	 52.151805777659	8	 WAWER
 21.25537998825	 52.150838712498	8	 WAWER
 20.941434860459	 52.160923382496	16	 WLOCHY
 20.948742330508	 52.160802848365	16	 WLOCHY
 20.956049749038	 52.160681861773	16	 WLOCHY
 20.963357115857	 52.160560422727	16	 WLOCHY
 20.970664430772	 52.160438531236	16	 WLOCHY
 20.977971693591	 52.160316187305	16	 WLOCHY
 20.985278904121	 52.160193390943	16	 WLOCHY
 20.99258606217	 52.160070142158	9	 URSYNÓW
 20.999893167545	 52.159946440955	9	 URSYNÓW
 21.007200220054	 52.159822287344	9	 URSYNÓW
 21.014507219504	 52.159697681332	9	 URSYNÓW
 21.021814165703	 52.159572622926	9	 URSYNÓW
 21.029121058458	 52.159447112133	9	 URSYNÓW
 21.036427897577	 52.159321148963	9	 URSYNÓW
 21.043734682868	 52.159194733421	9	 URSYNÓW
 21.051041414138	 52.159067865516	9	 URSYNÓW
 21.058348091194	 52.158940545256	15	 WILANÓW
 21.065654713844	 52.158812772648	15	 WILANÓW
 21.072961281897	 52.1586845477	15	 WILANÓW
 21.080267795158	 52.15855587042	15	 WILANÓW
 21.087574253437	 52.158426740815	15	 WILANÓW
 21.09488065654	 52.158297158894	15	 WILANÓW
 21.102187004275	 52.158167124665	15	 WILANÓW
 21.10949329645	 52.158036638134	15	 WILANÓW
 21.116799532873	 52.157905699312	15	 WILANÓW
 21.124105713351	 52.157774308204	15	 WILANÓW
 21.131411837691	 52.157642464819	15	 WILANÓW
 21.138717905703	 52.157510169166	15	 WILANÓW
 21.146023917192	 52.157377421252	8	 WAWER
 21.153329871967	 52.157244221085	8	 WAWER
 21.160635769836	 52.157110568674	8	 WAWER
 21.167941610606	 52.156976464026	8	 WAWER
 21.175247394086	 52.156841907151	8	 WAWER
 21.182553120081	 52.156706898054	8	 WAWER
 21.189858788402	 52.156571436747	8	 WAWER
 21.197164398855	 52.156435523235	8	 WAWER
 21.204469951247	 52.156299157528	8	 WAWER
 21.211775445388	 52.156162339634	8	 WAWER
 21.219080881084	 52.156025069561	8	 WAWER
 21.248302035579	 52.155471467649	8	 WAWER
 21.25560717617	 52.155331936808	8	 WAWER
 20.927013943723	 52.165657251635	16	 WLOCHY
 20.934322251542	 52.165537603199	16	 WLOCHY
 20.941630508209	 52.165417502215	16	 WLOCHY
 20.948938713532	 52.165296948691	16	 WLOCHY
 20.956246867319	 52.165175942632	16	 WLOCHY
 20.963554969377	 52.165054484047	16	 WLOCHY
 20.970863019513	 52.164932572944	16	 WLOCHY
 20.978171017534	 52.164810209328	16	 WLOCHY
 20.985478963248	 52.164687393209	16	 WLOCHY
 20.992786856463	 52.164564124593	9	 URSYNÓW
 21.000094696986	 52.164440403488	9	 URSYNÓW
 21.007402484624	 52.164316229902	9	 URSYNÓW
 21.014710219185	 52.164191603841	9	 URSYNÓW
 21.022017900476	 52.164066525314	9	 URSYNÓW
 21.029325528305	 52.163940994329	9	 URSYNÓW
 21.036633102479	 52.163815010892	9	 URSYNÓW
 21.043940622805	 52.163688575011	9	 URSYNÓW
 21.051248089092	 52.163561686695	9	 URSYNÓW
 21.058555501147	 52.16343434595	15	 WILANÓW
 21.065862858776	 52.163306552785	15	 WILANÓW
 21.073170161789	 52.163178307208	15	 WILANÓW
 21.080477409991	 52.163049609226	15	 WILANÓW
 21.087784603192	 52.162920458846	15	 WILANÓW
 21.095091741198	 52.162790856078	15	 WILANÓW
 21.102398823817	 52.162660800929	15	 WILANÓW
 21.109705850856	 52.162530293406	15	 WILANÓW
 21.117012822123	 52.162399333517	15	 WILANÓW
 21.124319737426	 52.162267921272	15	 WILANÓW
 21.131626596573	 52.162136056677	15	 WILANÓW
 21.13893339937	 52.16200373974	15	 WILANÓW
 21.146240145625	 52.16187097047	8	 WAWER
 21.153546835147	 52.161737748875	8	 WAWER
 21.160853467743	 52.161604074963	8	 WAWER
 21.16816004322	 52.161469948741	8	 WAWER
 21.175466561386	 52.161335370219	8	 WAWER
 21.182773022048	 52.161200339404	8	 WAWER
 21.190079425015	 52.161064856304	8	 WAWER
 21.197385770094	 52.160928920928	8	 WAWER
 21.204692057093	 52.160792533285	8	 WAWER
 21.21199828582	 52.160655693381	8	 WAWER
 21.219304456081	 52.160518401226	8	 WAWER
 21.226610567686	 52.160380656828	8	 WAWER
 21.233916620441	 52.160242460196	8	 WAWER
 21.241222614154	 52.160103811337	8	 WAWER
 21.248528548634	 52.15996471026	8	 WAWER
 21.255834423687	 52.159825156974	8	 WAWER
 20.927208171828	 52.170151405968	16	 WLOCHY
 20.93451721515	 52.170031738281	16	 WLOCHY
 20.941826207303	 52.169911617972	16	 WLOCHY
 20.949135148094	 52.169791045049	16	 WLOCHY
 20.95644403733	 52.16967001952	16	 WLOCHY
 20.963752874819	 52.169548541392	16	 WLOCHY
 20.971061660368	 52.169426610672	16	 WLOCHY
 20.978370393784	 52.169304227368	16	 WLOCHY
 20.985679074875	 52.169181391488	16	 WLOCHY
 20.992987703449	 52.169058103038	9	 URSYNÓW
 21.000296279312	 52.168934362026	2	 MOKOTÓW
 21.007604802271	 52.16881016846	2	 MOKOTÓW
 21.014913272135	 52.168685522347	2	 MOKOTÓW
 21.022221688711	 52.168560423695	2	 MOKOTÓW
 21.029530051806	 52.168434872512	2	 MOKOTÓW
 21.036838361227	 52.168308868805	9	 URSYNÓW
 21.044146616782	 52.168182412582	9	 URSYNÓW
 21.051454818279	 52.16805550385	15	 WILANÓW
 21.058762965524	 52.167928142617	15	 WILANÓW
 21.066071058326	 52.167800328891	15	 WILANÓW
 21.073379096491	 52.16767206268	15	 WILANÓW
 21.080687079827	 52.167543343992	15	 WILANÓW
 21.087995008142	 52.167414172833	15	 WILANÓW
 21.095302881243	 52.167284549214	15	 WILANÓW
 21.102610698938	 52.16715447314	15	 WILANÓW
 21.109918461034	 52.16702394462	15	 WILANÓW
 21.117226167338	 52.166892963662	15	 WILANÓW
 21.124533817659	 52.166761530274	15	 WILANÓW
 21.131841411803	 52.166629644464	15	 WILANÓW
 21.139148949578	 52.16649730624	15	 WILANÓW
 21.146456430793	 52.16636451561	8	 WAWER
 21.153763855253	 52.166231272582	8	 WAWER
 21.161071222768	 52.166097577164	8	 WAWER
 21.168378533144	 52.165963429365	8	 WAWER
 21.175685786189	 52.165828829192	8	 WAWER
 21.182992981711	 52.165693776653	8	 WAWER
 21.190300119517	 52.165558271758	8	 WAWER
 21.197607199415	 52.165422314513	8	 WAWER
 21.204914221212	 52.165285904928	8	 WAWER
 21.212221184717	 52.165149043011	8	 WAWER
 21.219528089736	 52.165011728769	8	 WAWER
 21.226834936078	 52.164873962212	8	 WAWER
 21.23414172355	 52.164735743348	8	 WAWER
 21.241448451959	 52.164597072185	8	 WAWER
 21.248755121115	 52.164457948731	8	 WAWER
 21.256061730823	 52.164318372996	8	 WAWER
 20.920092620898	 52.174764790589	16	 WLOCHY
 20.92740245091	 52.174645556346	16	 WLOCHY
 20.934712229928	 52.174525869402	16	 WLOCHY
 20.942021957758	 52.174405729764	16	 WLOCHY
 20.949331634209	 52.17428513744	16	 WLOCHY
 20.956641259088	 52.174164092436	16	 WLOCHY
 20.9639508322	 52.174042594761	16	 WLOCHY
 20.971260353355	 52.173920644421	16	 WLOCHY
 20.97856982236	 52.173798241425	16	 WLOCHY
 20.98587923902	 52.173675385779	16	 WLOCHY
 20.993188603145	 52.173552077491	2	 MOKOTÓW
 21.00049791454	 52.173428316568	2	 MOKOTÓW
 21.007807173014	 52.173304103019	2	 MOKOTÓW
 21.015116378374	 52.17317943685	2	 MOKOTÓW
 21.022425530427	 52.173054318069	2	 MOKOTÓW
 21.029734628981	 52.172928746684	2	 MOKOTÓW
 21.037043673842	 52.172802722703	2	 MOKOTÓW
 21.044352664818	 52.172676246132	9	 URSYNÓW
 21.051661601717	 52.172549316981	2	 MOKOTÓW
 21.058970484345	 52.172421935256	2	 MOKOTÓW
 21.066279312511	 52.172294100965	15	 WILANÓW
 21.073588086021	 52.172165814116	15	 WILANÓW
 21.080896804684	 52.172037074717	15	 WILANÓW
 21.088205468306	 52.171907882776	15	 WILANÓW
 21.095514076695	 52.1717782383	15	 WILANÓW
 21.102822629658	 52.171648141298	15	 WILANÓW
 21.110131127003	 52.171517591777	15	 WILANÓW
 21.117439568537	 52.171386589746	15	 WILANÓW
 21.124747954067	 52.171255135211	15	 WILANÓW
 21.132056283402	 52.171123228182	15	 WILANÓW
 21.139364556348	 52.170990868666	8	 WAWER
 21.146672772714	 52.170858056672	8	 WAWER
 21.153980932305	 52.170724792207	8	 WAWER
 21.161289034931	 52.170591075279	8	 WAWER
 21.168597080399	 52.170456905897	8	 WAWER
 21.175905068516	 52.170322284069	8	 WAWER
 21.183212999089	 52.170187209803	8	 WAWER
 21.190520871926	 52.170051683107	8	 WAWER
 21.197828686835	 52.169915703989	8	 WAWER
 21.205136443623	 52.169779272459	8	 WAWER
 21.212444142099	 52.169642388523	8	 WAWER
 21.219751782068	 52.169505052191	8	 WAWER
 21.22705936334	 52.16936726347	8	 WAWER
 21.234366885721	 52.16922902237	8	 WAWER
 21.241674349019	 52.169090328898	8	 WAWER
 21.248981753042	 52.168951183063	8	 WAWER
 21.256289097598	 52.168811584873	8	 WAWER
 21.263596382494	 52.168671534337	8	 WAWER
 20.912975598331	 52.179377756848	16	 WLOCHY
 20.920286215068	 52.179258956198	16	 WLOCHY
 20.927596780986	 52.179139702768	16	 WLOCHY
 20.934907295893	 52.179019996563	16	 WLOCHY
 20.942217759594	 52.178899837593	16	 WLOCHY
 20.949528171898	 52.178779225862	16	 WLOCHY
 20.956838532611	 52.178658161381	16	 WLOCHY
 20.96414884154	 52.178536644154	16	 WLOCHY
 20.971459098494	 52.178414674191	16	 WLOCHY
 20.978769303278	 52.178292251498	16	 WLOCHY
 20.986079455701	 52.178169376082	16	 WLOCHY
 20.99338955557	 52.178046047952	2	 MOKOTÓW
 21.000699602691	 52.177922267115	2	 MOKOTÓW
 21.008009596872	 52.177798033578	2	 MOKOTÓW
 21.01531953792	 52.177673347349	2	 MOKOTÓW
 21.022629425643	 52.177548208436	2	 MOKOTÓW
 21.029939259848	 52.177422616845	2	 MOKOTÓW
 21.037249040341	 52.177296572585	2	 MOKOTÓW
 21.044558766931	 52.177170075664	2	 MOKOTÓW
 21.051868439425	 52.177043126088	2	 MOKOTÓW
 21.059178057629	 52.176915723867	2	 MOKOTÓW
 21.066487621352	 52.176787869007	2	 MOKOTÓW
 21.0737971304	 52.176659561516	15	 WILANÓW
 21.081106584582	 52.176530801403	15	 WILANÓW
 21.088415983703	 52.176401588674	15	 WILANÓW
 21.095725327572	 52.176271923338	15	 WILANÓW
 21.103034615996	 52.176141805404	15	 WILANÓW
 21.110343848783	 52.176011234877	15	 WILANÓW
 21.117653025739	 52.175880211768	15	 WILANÓW
 21.124962146672	 52.175748736083	15	 WILANÓW
 21.132271211389	 52.17561680783	8	 WAWER
 21.139580219699	 52.175484427018	8	 WAWER
 21.146889171408	 52.175351593655	8	 WAWER
 21.154198066324	 52.175218307748	8	 WAWER
 21.161506904254	 52.175084569307	8	 WAWER
 21.168815685005	 52.174950378338	8	 WAWER
 21.176124408386	 52.174815734851	8	 WAWER
 21.183433074203	 52.174680638852	8	 WAWER
 21.190741682264	 52.174545090352	8	 WAWER
 21.198050232376	 52.174409089357	8	 WAWER
 21.205358724348	 52.174272635876	8	 WAWER
 21.212667157986	 52.174135729918	8	 WAWER
 21.219975533098	 52.17399837149	8	 WAWER
 21.227283849492	 52.173860560602	8	 WAWER
 21.234592106975	 52.17372229726	8	 WAWER
 21.241900305354	 52.173583581475	8	 WAWER
 21.249208444438	 52.173444413254	8	 WAWER
 21.256516524033	 52.173304792606	8	 WAWER
 21.263824543948	 52.173164719539	8	 WAWER
 20.869299333304	 52.184575345897	12	 URSUS
 20.876610987128	 52.184459243403	12	 URSUS
 20.883922591274	 52.184342688012	12	 URSUS
 20.891234145547	 52.184225679732	12	 URSUS
 20.898545649754	 52.184108218568	12	 URSUS
 20.920479860057	 52.183753117855	16	 WLOCHY
 20.927791162075	 52.183633845233	16	 WLOCHY
 20.935102413062	 52.183514119765	16	 WLOCHY
 20.942413612827	 52.183393941457	16	 WLOCHY
 20.949724761176	 52.183273310318	16	 WLOCHY
 20.957035857917	 52.183152226353	16	 WLOCHY
 20.964346902856	 52.183030689572	16	 WLOCHY
 20.971657895801	 52.182908699981	16	 WLOCHY
 20.978968836559	 52.182786257587	16	 WLOCHY
 20.986279724937	 52.182663362399	16	 WLOCHY
 20.993590560742	 52.182540014423	2	 MOKOTÓW
 21.000901343781	 52.182416213667	2	 MOKOTÓW
 21.008212073862	 52.182291960138	2	 MOKOTÓW
 21.015522750792	 52.182167253845	2	 MOKOTÓW
 21.022833374377	 52.182042094794	2	 MOKOTÓW
 21.030143944426	 52.181916482994	2	 MOKOTÓW
 21.037454460744	 52.181790418452	2	 MOKOTÓW
 21.044764923141	 52.181663901175	2	 MOKOTÓW
 21.052075331422	 52.181536931172	2	 MOKOTÓW
 21.059385685395	 52.18140950845	2	 MOKOTÓW
 21.066695984867	 52.181281633017	2	 MOKOTÓW
 21.074006229646	 52.18115330488	2	 MOKOTÓW
 21.081316419539	 52.181024524048	15	 WILANÓW
 21.088626554352	 52.180895290528	15	 WILANÓW
 21.095936633894	 52.180765604328	15	 WILANÓW
 21.103246657972	 52.180635465456	15	 WILANÓW
 21.110556626393	 52.18050487392	15	 WILANÓW
 21.117866538963	 52.180373829728	8	 WAWER
 21.125176395492	 52.180242332888	8	 WAWER
 21.132486195785	 52.180110383408	8	 WAWER
 21.139795939651	 52.179977981296	8	 WAWER
 21.147105626896	 52.17984512656	8	 WAWER
 21.154415257328	 52.179711819207	8	 WAWER
 21.161724830754	 52.179578059247	8	 WAWER
 21.169034346982	 52.179443846688	8	 WAWER
 21.176343805819	 52.179309181536	8	 WAWER
 21.183653207073	 52.179174063802	8	 WAWER
 21.19096255055	 52.179038493492	8	 WAWER
 21.198271836059	 52.178902470615	8	 WAWER
 21.205581063406	 52.17876599518	8	 WAWER
 21.2128902324	 52.178629067195	8	 WAWER
 21.220199342847	 52.178491686667	8	 WAWER
 21.227508394555	 52.178353853606	8	 WAWER
 21.234817387332	 52.17821556802	8	 WAWER
 21.242126320985	 52.178076829917	8	 WAWER
 21.249435195321	 52.177937639306	8	 WAWER
 21.256744010149	 52.177797996195	8	 WAWER
 21.264052765274	 52.177657900592	8	 WAWER
 20.869487874592	 52.18906963593	12	 URSUS
 20.876800264832	 52.18895351475	12	 URSUS
 20.884112605374	 52.1888369406	12	 URSUS
 20.891424896028	 52.188719913489	12	 URSUS
 20.898737136598	 52.188602433421	12	 URSUS
 20.906049326893	 52.188484500406	12	 URSUS
 20.913361466719	 52.188366114449	12	 URSUS
 20.920673555883	 52.188247275559	16	 WLOCHY
 20.927985594193	 52.188127983742	16	 WLOCHY
 20.935297581455	 52.188008239006	16	 WLOCHY
 20.942609517476	 52.187888041358	16	 WLOCHY
 20.949921402064	 52.187767390805	16	 WLOCHY
 20.957233235025	 52.187646287354	16	 WLOCHY
 20.964545016166	 52.187524731014	16	 WLOCHY
 20.971856745296	 52.187402721791	16	 WLOCHY
 20.97916842222	 52.187280259693	16	 WLOCHY
 20.986480046745	 52.187157344727	16	 WLOCHY
 20.99379161868	 52.187033976901	2	 MOKOTÓW
 21.00110313783	 52.186910156222	2	 MOKOTÓW
 21.008414604003	 52.186785882699	2	 MOKOTÓW
 21.015726017007	 52.186661156337	2	 MOKOTÓW
 21.023037376648	 52.186535977145	2	 MOKOTÓW
 21.030348682733	 52.186410345131	2	 MOKOTÓW
 21.03765993507	 52.186284260303	2	 MOKOTÓW
 21.044971133465	 52.186157722667	2	 MOKOTÓW
 21.052282277727	 52.186030732232	2	 MOKOTÓW
 21.059593367661	 52.185903289005	2	 MOKOTÓW
 21.066904403076	 52.185775392994	2	 MOKOTÓW
 21.074215383778	 52.185647044207	2	 MOKOTÓW
 21.081526309575	 52.185518242652	2	 MOKOTÓW
 21.088837180274	 52.185388988337	2	 MOKOTÓW
 21.096147995681	 52.185259281268	15	 WILANÓW
 21.103458755605	 52.185129121456	15	 WILANÓW
 21.110769459853	 52.184998508906	15	 WILANÓW
 21.118080108231	 52.184867443628	8	 WAWER
 21.125390700547	 52.184735925628	8	 WAWER
 21.132701236608	 52.184603954916	8	 WAWER
 21.140011716222	 52.1844715315	8	 WAWER
 21.147322139196	 52.184338655386	8	 WAWER
 21.154632505337	 52.184205326584	8	 WAWER
 21.161942814453	 52.184071545101	8	 WAWER
 21.16925306635	 52.183937310946	8	 WAWER
 21.176563260836	 52.183802624126	8	 WAWER
 21.183873397719	 52.183667484651	8	 WAWER
 21.191183476805	 52.183531892528	8	 WAWER
 21.198493497902	 52.183395847765	8	 WAWER
 21.205803460818	 52.183259350371	8	 WAWER
 21.21311336536	 52.183122400354	8	 WAWER
 21.220423211335	 52.182984997722	8	 WAWER
 21.22773299855	 52.182847142484	8	 WAWER
 21.235042726814	 52.182708834649	8	 WAWER
 21.242352395932	 52.182570074223	8	 WAWER
 21.249662005714	 52.182430861217	8	 WAWER
 21.256971555966	 52.182291195638	8	 WAWER
 20.85505006332	 52.193794842619	12	 URSUS
 20.862363289016	 52.193679608856	12	 URSUS
 20.869676465384	 52.193563922036	12	 URSUS
 20.876989592231	 52.193447782167	12	 URSUS
 20.884302669365	 52.193331189255	12	 URSUS
 20.891615696591	 52.193214143308	12	 URSUS
 20.898928673717	 52.193096644333	12	 URSUS
 20.90624160055	 52.192978692337	12	 URSUS
 20.913554476897	 52.192860287328	12	 URSUS
 20.920867302564	 52.192741429311	16	 WLOCHY
 20.928180077358	 52.192622118295	16	 WLOCHY
 20.935492801088	 52.192502354287	16	 WLOCHY
 20.942805473558	 52.192382137294	16	 WLOCHY
 20.950118094578	 52.192261467324	16	 WLOCHY
 20.957430663952	 52.192140344384	16	 WLOCHY
 20.964743181489	 52.192018768481	16	 WLOCHY
 20.972055646996	 52.191896739622	16	 WLOCHY
 20.979368060278	 52.191774257815	16	 WLOCHY
 20.986680421145	 52.191651323068	2	 MOKOTÓW
 20.993992729402	 52.191527935388	2	 MOKOTÓW
 21.001304984856	 52.191404094783	2	 MOKOTÓW
 21.008617187315	 52.191279801259	2	 MOKOTÓW
 21.015929336585	 52.191155054825	2	 MOKOTÓW
 21.023241432474	 52.191029855489	2	 MOKOTÓW
 21.030553474789	 52.190904203257	2	 MOKOTÓW
 21.037865463337	 52.190778098138	2	 MOKOTÓW
 21.045177397924	 52.190651540139	2	 MOKOTÓW
 21.052489278359	 52.190524529267	2	 MOKOTÓW
 21.059801104448	 52.190397065532	2	 MOKOTÓW
 21.067112875998	 52.190269148939	2	 MOKOTÓW
 21.074424592816	 52.190140779498	2	 MOKOTÓW
 21.081736254709	 52.190011957216	2	 MOKOTÓW
 21.089047861486	 52.189882682101	2	 MOKOTÓW
 21.096359412952	 52.18975295416	2	 MOKOTÓW
 21.103670908915	 52.189622773402	15	 WILANÓW
 21.110982349182	 52.189492139835	8	 WAWER
 21.11829373356	 52.189361053465	8	 WAWER
 21.125605061857	 52.189229514303	8	 WAWER
 21.132916333879	 52.189097522355	8	 WAWER
 21.140227549435	 52.188965077629	8	 WAWER
 21.14753870833	 52.188832180134	8	 WAWER
 21.154849810373	 52.188698829877	8	 WAWER
 21.16216085537	 52.188565026867	8	 WAWER
 21.169471843129	 52.188430771112	8	 WAWER
 21.176782773457	 52.18829606262	8	 WAWER
 21.184093646161	 52.1881609014	8	 WAWER
 21.191404461049	 52.188025287459	8	 WAWER
 21.198715217928	 52.187889220806	8	 WAWER
 21.206025916604	 52.187752701448	8	 WAWER
 21.213336556887	 52.187615729395	8	 WAWER
 21.220647138582	 52.187478304655	8	 WAWER
 21.227957661497	 52.187340427236	8	 WAWER
 21.23526812544	 52.187202097146	8	 WAWER
 21.242578530217	 52.187063314394	8	 WAWER
 21.249888875636	 52.186924078988	8	 WAWER
 21.257199161505	 52.186784390938	8	 WAWER
 20.855237229979	 52.198289161967	12	 URSUS
 20.86255119251	 52.198173909656	12	 URSUS
 20.869865105697	 52.198058204216	12	 URSUS
 20.877178969345	 52.197942045654	12	 URSUS
 20.884492783262	 52.197825433977	12	 URSUS
 20.891806547255	 52.197708369191	12	 URSUS
 20.89912026113	 52.197590851305	12	 URSUS
 20.906433924694	 52.197472880324	12	 URSUS
 20.913747537754	 52.197354456257	16	 WLOCHY
 20.921061100117	 52.197235579111	16	 WLOCHY
 20.92837461159	 52.197116248892	16	 WLOCHY
 20.935688071979	 52.196996465608	16	 WLOCHY
 20.943001481092	 52.196876229267	16	 WLOCHY
 20.950314838736	 52.196755539876	16	 WLOCHY
 20.957628144717	 52.196634397441	16	 WLOCHY
 20.964941398842	 52.196512801971	16	 WLOCHY
 20.972254600919	 52.196390753473	4	 OCHOTA
 20.979567750754	 52.196268251954	4	 OCHOTA
 20.986880848154	 52.196145297422	2	 MOKOTÓW
 20.994193892926	 52.196021889884	2	 MOKOTÓW
 21.001506884877	 52.195898029347	2	 MOKOTÓW
 21.008819823814	 52.19577371582	2	 MOKOTÓW
 21.016132709545	 52.19564894931	2	 MOKOTÓW
 21.023445541875	 52.195523729825	2	 MOKOTÓW
 21.030758320612	 52.195398057371	2	 MOKOTÓW
 21.038071045564	 52.195271931957	2	 MOKOTÓW
 21.045383716536	 52.19514535359	2	 MOKOTÓW
 21.052696333337	 52.195018322279	2	 MOKOTÓW
 21.060008895773	 52.19489083803	2	 MOKOTÓW
 21.067321403651	 52.194762900852	2	 MOKOTÓW
 21.074633856778	 52.194634510753	2	 MOKOTÓW
 21.081946254961	 52.19450566774	2	 MOKOTÓW
 21.089258598008	 52.19437637182	2	 MOKOTÓW
 21.096570885725	 52.194246623003	2	 MOKOTÓW
 21.10388311792	 52.194116421295	2	 MOKOTÓW
 21.1111952944	 52.193985766706	8	 WAWER
 21.118507414971	 52.193854659242	8	 WAWER
 21.125819479441	 52.193723098911	8	 WAWER
 21.133131487617	 52.193591085723	8	 WAWER
 21.140443439307	 52.193458619684	8	 WAWER
 21.147755334316	 52.193325700803	8	 WAWER
 21.155067172453	 52.193192329087	8	 WAWER
 21.162378953525	 52.193058504546	8	 WAWER
 21.169690677339	 52.192924227187	8	 WAWER
 21.177002343701	 52.192789497019	8	 WAWER
 21.18431395242	 52.192654314048	8	 WAWER
 21.191625503302	 52.192518678285	8	 WAWER
 21.198936996155	 52.192382589737	8	 WAWER
 21.206248430785	 52.192246048412	8	 WAWER
 21.213559807001	 52.192109054319	8	 WAWER
 21.220871124609	 52.191971607465	8	 WAWER
 21.228182383416	 52.19183370786	8	 WAWER
 21.235493583231	 52.191695355512	8	 WAWER
 21.242804723859	 52.191556550429	8	 WAWER
 21.250115805109	 52.191417292619	8	 WAWER
 20.855424445789	 52.202783477397	12	 URSUS
 20.86273914535	 52.202668206535	12	 URSUS
 20.870053795548	 52.202552482471	12	 URSUS
 20.87736839619	 52.202436305212	12	 URSUS
 20.884682947084	 52.202319674765	12	 URSUS
 20.891997448036	 52.202202591137	12	 URSUS
 20.899311898853	 52.202085054335	16	 WLOCHY
 20.906626299341	 52.201967064366	16	 WLOCHY
 20.913940649308	 52.201848621238	16	 WLOCHY
 20.92125494856	 52.201729724958	16	 WLOCHY
 20.928569196904	 52.201610375532	16	 WLOCHY
 20.935883394147	 52.201490572969	16	 WLOCHY
 20.943197540096	 52.201370317276	16	 WLOCHY
 20.950511634557	 52.201249608459	4	 OCHOTA
 20.957825677338	 52.201128446527	4	 OCHOTA
 20.965139668244	 52.201006831486	4	 OCHOTA
 20.972453607084	 52.200884763344	4	 OCHOTA
 20.979767493664	 52.200762242109	4	 OCHOTA
 20.987081327791	 52.200639267787	2	 MOKOTÓW
 20.994395109271	 52.200515840387	2	 MOKOTÓW
 21.001708837912	 52.200391959916	2	 MOKOTÓW
 21.009022513521	 52.200267626382	2	 MOKOTÓW
 21.016336135904	 52.200142839791	2	 MOKOTÓW
 21.023649704869	 52.200017600153	2	 MOKOTÓW
 21.030963220222	 52.199891907473	2	 MOKOTÓW
 21.03827668177	 52.19976576176	2	 MOKOTÓW
 21.04559008932	 52.199639163022	2	 MOKOTÓW
 21.05290344268	 52.199512111267	2	 MOKOTÓW
 21.060216741656	 52.199384606501	2	 MOKOTÓW
 21.067529986054	 52.199256648733	2	 MOKOTÓW
 21.074843175683	 52.199128237971	2	 MOKOTÓW
 21.08215631035	 52.198999374222	2	 MOKOTÓW
 21.08946938986	 52.198870057495	2	 MOKOTÓW
 21.096782414021	 52.198740287797	2	 MOKOTÓW
 21.104095382641	 52.198610065135	2	 MOKOTÓW
 21.111408295526	 52.198479389519	8	 WAWER
 21.118721152483	 52.198348260956	8	 WAWER
 21.126033953319	 52.198216679454	8	 WAWER
 21.133346697842	 52.19808464502	8	 WAWER
 21.140659385858	 52.197952157664	8	 WAWER
 21.147972017175	 52.197819217393	8	 WAWER
 21.155284591599	 52.197685824215	8	 WAWER
 21.162597108938	 52.197551978138	8	 WAWER
 21.169909568999	 52.19741767917	8	 WAWER
 21.177221971589	 52.197282927321	8	 WAWER
 21.184534316515	 52.197147722597	8	 WAWER
 21.191846603584	 52.197012065007	8	 WAWER
 21.199158832604	 52.196875954559	8	 WAWER
 21.206471003381	 52.196739391262	8	 WAWER
 21.213783115723	 52.196602375124	8	 WAWER
 21.221095169436	 52.196464906153	8	 WAWER
 21.228407164329	 52.196326984358	8	 WAWER
 21.235719100208	 52.196188609747	8	 WAWER
 20.862927147552	 52.207162499492	12	 URSUS
 20.870242534954	 52.2070467568	12	 URSUS
 20.877557872784	 52.20693056084	12	 URSUS
 20.884873160848	 52.206813911619	12	 URSUS
 20.892188398953	 52.206696809145	16	 WLOCHY
 20.899503586905	 52.206579253424	16	 WLOCHY
 20.906818724511	 52.206461244463	16	 WLOCHY
 20.914133811577	 52.20634278227	16	 WLOCHY
 20.921448847911	 52.206223866852	16	 WLOCHY
 20.92876383332	 52.206104498216	16	 WLOCHY
 20.93607876761	 52.20598467637	16	 WLOCHY
 20.943393650587	 52.20586440132	4	 OCHOTA
 20.950708482059	 52.205743673074	4	 OCHOTA
 20.958023261832	 52.20562249164	4	 OCHOTA
 20.965337989713	 52.205500857025	4	 OCHOTA
 20.97265266551	 52.205378769235	4	 OCHOTA
 20.979967289028	 52.20525622828	4	 OCHOTA
 20.987281860074	 52.205133234165	2	 MOKOTÓW
 20.994596378456	 52.205009786899	2	 MOKOTÓW
 21.00191084398	 52.20488588649	2	 MOKOTÓW
 21.009225256453	 52.204761532944	2	 MOKOTÓW
 21.016539615682	 52.204636726269	2	 MOKOTÓW
 21.023853921474	 52.204511466473	2	 MOKOTÓW
 21.031168173636	 52.204385753563	2	 MOKOTÓW
 21.038482371974	 52.204259587548	2	 MOKOTÓW
 21.045796516295	 52.204132968434	2	 MOKOTÓW
 21.053110606406	 52.20400589623	2	 MOKOTÓW
 21.060424642115	 52.203878370943	2	 MOKOTÓW
 21.067738623228	 52.203750392581	2	 MOKOTÓW
 21.075052549552	 52.203621961152	2	 MOKOTÓW
 21.082366420894	 52.203493076664	2	 MOKOTÓW
 21.089680237061	 52.203363739124	2	 MOKOTÓW
 21.096993997859	 52.203233948541	2	 MOKOTÓW
 21.104307703097	 52.203103704922	8	 WAWER
 21.11162135258	 52.202973008275	8	 WAWER
 21.118934946115	 52.202841858608	8	 WAWER
 21.126248483511	 52.20271025593	8	 WAWER
 21.133561964573	 52.202578200248	8	 WAWER
 21.140875389109	 52.20244569157	8	 WAWER
 21.148188756926	 52.202312729904	8	 WAWER
 21.155502067831	 52.202179315259	8	 WAWER
 21.16281532163	 52.202045447642	8	 WAWER
 21.170128518131	 52.201911127062	8	 WAWER
 21.177441657141	 52.201776353526	8	 WAWER
 21.184754738467	 52.201641127044	8	 WAWER
 21.192067761916	 52.201505447623	8	 WAWER
 21.199380727296	 52.201369315272	8	 WAWER
 21.206693634412	 52.201232729998	8	 WAWER
 21.214006483073	 52.201095691811	8	 WAWER
 21.221319273085	 52.200958200718	11	 WESOLA
 21.228632004255	 52.200820256728	11	 WESOLA
 21.235944676392	 52.200681859849	11	 WESOLA
 21.243257289301	 52.200543010091	11	 WESOLA
 20.877747399144	 52.211424812538	5	 BEMOWO
 20.885063424571	 52.211308144541	5	 BEMOWO
 20.892379400022	 52.211191023216	16	 WLOCHY
 20.899695325302	 52.211073448572	16	 WLOCHY
 20.907011200219	 52.210955420615	16	 WLOCHY
 20.914327024579	 52.210836939354	16	 WLOCHY
 20.921642798188	 52.210718004794	16	 WLOCHY
 20.928958520855	 52.210598616944	14	 WOLA
 20.936274192384	 52.21047877581	16	 WLOCHY
 20.943589812583	 52.2103584814	4	 OCHOTA
 20.950905381259	 52.210237733722	4	 OCHOTA
 20.958220898218	 52.210116532782	4	 OCHOTA
 20.965536363267	 52.209994878588	4	 OCHOTA
 20.972851776213	 52.209872771147	4	 OCHOTA
 20.980167136862	 52.209750210467	4	 OCHOTA
 20.987482445022	 52.209627196555	4	 OCHOTA
 20.994797700498	 52.20950372942	2	 MOKOTÓW
 21.002112903099	 52.209379809067	2	 MOKOTÓW
 21.00942805263	 52.209255435505	2	 MOKOTÓW
 21.016743148898	 52.209130608742	2	 MOKOTÓW
 21.02405819171	 52.209005328785	2	 MOKOTÓW
 21.031373180873	 52.208879595641	10	 SRÓDMIESCIE
 21.038688116194	 52.208753409319	2	 MOKOTÓW
 21.046002997479	 52.208626769826	2	 MOKOTÓW
 21.053317824536	 52.208499677169	2	 MOKOTÓW
 21.060632597171	 52.208372131357	2	 MOKOTÓW
 21.067947315191	 52.208244132397	2	 MOKOTÓW
 21.075261978403	 52.208115680297	2	 MOKOTÓW
 21.082576586613	 52.207986775065	2	 MOKOTÓW
 21.089891139629	 52.207857416709	2	 MOKOTÓW
 21.097205637258	 52.207727605236	2	 MOKOTÓW
 21.104520079306	 52.207597340655	8	 WAWER
 21.111834465581	 52.207466622974	8	 WAWER
 21.119148795888	 52.207335452199	8	 WAWER
 21.126463070036	 52.20720382834	8	 WAWER
 21.133777287831	 52.207071751405	8	 WAWER
 21.14109144908	 52.206939221401	8	 WAWER
 21.14840555359	 52.206806238336	8	 WAWER
 21.155719601167	 52.206672802219	8	 WAWER
 21.16303359162	 52.206538913058	8	 WAWER
 21.170347524754	 52.206404570861	8	 WAWER
 21.177661400377	 52.206269775636	8	 WAWER
 21.184975218296	 52.206134527391	8	 WAWER
 21.192288978318	 52.205998826134	8	 WAWER
 21.19960268025	 52.205862671875	8	 WAWER
 21.206916323899	 52.205726064621	8	 WAWER
 21.214229909071	 52.20558900438	8	 WAWER
 21.221543435575	 52.20545149116	11	 WESOLA
 21.228856903216	 52.205313524971	11	 WESOLA
 21.236170311803	 52.205175105821	11	 WESOLA
 21.243483661141	 52.205036233717	11	 WESOLA
 20.877936975288	 52.215919060307	5	 BEMOWO
 20.885253738272	 52.215802373528	5	 BEMOWO
 20.892570451261	 52.21568523335	5	 BEMOWO
 20.899887114063	 52.215567639779	5	 BEMOWO
 20.907203726484	 52.215449592823	5	 BEMOWO
 20.914520288331	 52.215331092488	5	 BEMOWO
 20.921836799409	 52.215212138784	14	 WOLA
 20.929153259526	 52.215092731715	14	 WOLA
 20.936469668489	 52.21497287129	14	 WOLA
 20.943786026103	 52.214852557516	14	 WOLA
 20.951102332176	 52.214731790401	14	 WOLA
 20.958418586514	 52.214610569951	4	 OCHOTA
 20.965734788924	 52.214488896175	4	 OCHOTA
 20.973050939213	 52.214366769079	4	 OCHOTA
 20.980367037187	 52.21424418867	4	 OCHOTA
 20.987683082653	 52.214121154958	4	 OCHOTA
 20.994999075417	 52.213997667948	4	 OCHOTA
 21.002315015287	 52.213873727649	4	 OCHOTA
 21.009630902069	 52.213749334067	10	 SRÓDMIESCIE
 21.016946735569	 52.213624487212	10	 SRÓDMIESCIE
 21.024262515595	 52.213499187089	10	 SRÓDMIESCIE
 21.031578241953	 52.213373433707	10	 SRÓDMIESCIE
 21.03889391445	 52.213247227074	10	 SRÓDMIESCIE
 21.046209532892	 52.213120567197	10	 SRÓDMIESCIE
 21.053525097087	 52.212993454084	2	 MOKOTÓW
 21.060840606841	 52.212865887742	2	 MOKOTÓW
 21.068156061962	 52.21273786818	2	 MOKOTÓW
 21.075471462255	 52.212609395405	2	 MOKOTÓW
 21.082786807527	 52.212480469425	2	 MOKOTÓW
 21.090102097586	 52.212351090249	2	 MOKOTÓW
 21.097417332238	 52.212221257882	2	 MOKOTÓW
 21.10473251129	 52.212090972335	8	 WAWER
 21.112047634549	 52.211960233614	8	 WAWER
 21.119362701821	 52.211829041728	8	 WAWER
 21.126677712914	 52.211697396684	8	 WAWER
 21.133992667635	 52.211565298491	8	 WAWER
 21.141307565789	 52.211432747157	8	 WAWER
 21.148622407185	 52.211299742689	8	 WAWER
 21.155937191629	 52.211166285097	8	 WAWER
 21.163251918928	 52.211032374387	8	 WAWER
 21.170566588888	 52.210898010568	8	 WAWER
 21.177881201318	 52.210763193649	8	 WAWER
 21.185195756023	 52.210627923637	8	 WAWER
 21.19251025281	 52.210492200541	8	 WAWER
 21.199824691488	 52.210356024369	8	 WAWER
 21.207139071861	 52.210219395129	8	 WAWER
 21.214453393739	 52.21008231283	8	 WAWER
 21.221767656926	 52.20994477748	11	 WESOLA
 21.229081861232	 52.209806789087	11	 WESOLA
 21.236396006461	 52.20966834766	11	 WESOLA
 21.243710092422	 52.209529453208	11	 WESOLA
 21.251024118922	 52.209390105738	11	 WESOLA
 20.878126601232	 52.220413304146	5	 BEMOWO
 20.885444101966	 52.220296598582	5	 BEMOWO
 20.892761552688	 52.220179439546	5	 BEMOWO
 20.900078953206	 52.220061827045	5	 BEMOWO
 20.907396303324	 52.219943761085	5	 BEMOWO
 20.91471360285	 52.219825241674	5	 BEMOWO
 20.922030851591	 52.21970626882	5	 BEMOWO
 20.929348049352	 52.21958684253	14	 WOLA
 20.936665195941	 52.21946696281	14	 WOLA
 20.943982291164	 52.219346629668	14	 WOLA
 20.951299334828	 52.219225843112	14	 WOLA
 20.958616326739	 52.219104603149	14	 WOLA
 20.965933266703	 52.218982909786	4	 OCHOTA
 20.973250154528	 52.21886076303	4	 OCHOTA
 20.98056699002	 52.21873816289	4	 OCHOTA
 20.987883772985	 52.218615109372	4	 OCHOTA
 20.995200503231	 52.218491602484	4	 OCHOTA
 21.002517180563	 52.218367642234	4	 OCHOTA
 21.009833804789	 52.218243228629	10	 SRÓDMIESCIE
 21.017150375715	 52.218118361677	10	 SRÓDMIESCIE
 21.024466893148	 52.217993041385	10	 SRÓDMIESCIE
 21.031783356894	 52.217867267761	10	 SRÓDMIESCIE
 21.03909976676	 52.217741040813	10	 SRÓDMIESCIE
 21.046416122553	 52.217614360548	10	 SRÓDMIESCIE
 21.053732424079	 52.217487226974	10	 SRÓDMIESCIE
 21.061048671146	 52.217359640099	10	 SRÓDMIESCIE
 21.06836486356	 52.217231599931	2	 MOKOTÓW
 21.075681001127	 52.217103106477	2	 MOKOTÓW
 21.082997083654	 52.216974159745	2	 MOKOTÓW
 21.090313110949	 52.216844759743	0	 PRAGA-POLUDNIE
 21.097629082817	 52.216714906479	8	 WAWER
 21.104944999067	 52.216584599961	8	 WAWER
 21.112260859503	 52.216453840197	8	 WAWER
 21.119576663933	 52.216322627195	8	 WAWER
 21.126892412165	 52.216190960962	8	 WAWER
 21.134208104004	 52.216058841507	8	 WAWER
 21.141523739258	 52.215926268838	8	 WAWER
 21.148839317733	 52.215793242963	8	 WAWER
 21.156154839236	 52.21565976389	8	 WAWER
 21.163470303574	 52.215525831628	8	 WAWER
 21.170785710554	 52.215391446183	8	 WAWER
 21.178101059982	 52.215256607565	8	 WAWER
 21.185416351666	 52.215121315782	8	 WAWER
 21.192731585413	 52.214985570842	8	 WAWER
 21.200046761029	 52.214849372753	8	 WAWER
 21.207361878321	 52.214712721523	8	 WAWER
 21.214676937096	 52.214575617162	11	 WESOLA
 21.221991937161	 52.214438059676	11	 WESOLA
 21.229306878323	 52.214300049076	11	 WESOLA
 21.236621760389	 52.214161585368	11	 WESOLA
 21.243936583165	 52.214022668562	11	 WESOLA
 21.251251346459	 52.213883298665	11	 WESOLA
 20.878316276994	 52.224907544055	5	 BEMOWO
 20.885634515672	 52.224790819703	5	 BEMOWO
 20.892952704321	 52.224673641805	5	 BEMOWO
 20.900270842746	 52.224556010369	5	 BEMOWO
 20.907588930756	 52.224437925402	5	 BEMOWO
 20.914906968156	 52.224319386912	5	 BEMOWO
 20.922224954752	 52.224200394904	5	 BEMOWO
 20.929542890351	 52.224080949388	14	 WOLA
 20.93686077476	 52.223961050369	14	 WOLA
 20.944178607785	 52.223840697856	14	 WOLA
 20.951496389233	 52.223719891855	14	 WOLA
 20.958814118909	 52.223598632374	14	 WOLA
 20.966131796621	 52.22347691942	14	 WOLA
 20.973449422176	 52.223354753002	14	 WOLA
 20.980766995379	 52.223232133125	4	 OCHOTA
 20.988084516037	 52.223109059798	4	 OCHOTA
 20.995401983957	 52.222985533029	4	 OCHOTA
 21.002719398946	 52.222861552824	4	 OCHOTA
 21.010036760809	 52.222737119191	10	 SRÓDMIESCIE
 21.017354069354	 52.222612232138	10	 SRÓDMIESCIE
 21.024671324387	 52.222486891673	10	 SRÓDMIESCIE
 21.031988525714	 52.222361097803	10	 SRÓDMIESCIE
 21.039305673143	 52.222234850536	10	 SRÓDMIESCIE
 21.04662276648	 52.222108149879	10	 SRÓDMIESCIE
 21.053939805531	 52.22198099584	10	 SRÓDMIESCIE
 21.061256790104	 52.221853388427	0	 PRAGA-POLUDNIE
 21.068573720004	 52.221725327648	0	 PRAGA-POLUDNIE
 21.075890595039	 52.221596813511	0	 PRAGA-POLUDNIE
 21.083207415015	 52.221467846023	0	 PRAGA-POLUDNIE
 21.090524179738	 52.221338425192	0	 PRAGA-POLUDNIE
 21.097840889017	 52.221208551026	0	 PRAGA-POLUDNIE
 21.105157542656	 52.221078223534	8	 WAWER
 21.112474140463	 52.220947442722	8	 WAWER
 21.119790682245	 52.220816208599	8	 WAWER
 21.127107167808	 52.220684521173	8	 WAWER
 21.134423596959	 52.220552380453	8	 WAWER
 21.141739969505	 52.220419786445	8	 WAWER
 21.149056285252	 52.220286739158	8	 WAWER
 21.156372544008	 52.220153238601	8	 WAWER
 21.163688745578	 52.220019284781	8	 WAWER
 21.17100488977	 52.219884877706	8	 WAWER
 21.178320976391	 52.219750017385	8	 WAWER
 21.185637005248	 52.219614703826	8	 WAWER
 21.192952976146	 52.219478937037	8	 WAWER
 21.200268888894	 52.219342717027	8	 WAWER
 21.207584743297	 52.219206043803	8	 WAWER
 21.214900539163	 52.219068917375	11	 WESOLA
 21.222216276298	 52.21893133775	11	 WESOLA
 21.22953195451	 52.218793304937	11	 WESOLA
 21.236847573605	 52.218654818943	11	 WESOLA
 21.24416313339	 52.218515879779	11	 WESOLA
 21.251478633672	 52.218376487452	11	 WESOLA
 20.878506002593	 52.229401780034	5	 BEMOWO
 20.885824979408	 52.22928503689	5	 BEMOWO
 20.893143906176	 52.229167840127	5	 BEMOWO
 20.900462782704	 52.229050189753	5	 BEMOWO
 20.907781608798	 52.228932085775	5	 BEMOWO
 20.915100384264	 52.2288135282	5	 BEMOWO
 20.92241910891	 52.228694517036	14	 WOLA
 20.92973778254	 52.228575052289	14	 WOLA
 20.937056404963	 52.228455133968	14	 WOLA
 20.944374975983	 52.228334762079	14	 WOLA
 20.951693495408	 52.228213936629	14	 WOLA
 20.959011963044	 52.228092657627	14	 WOLA
 20.966330378698	 52.227970925079	14	 WOLA
 20.973648742175	 52.227848738993	14	 WOLA
 20.980967053283	 52.227726099377	14	 WOLA
 20.988285311828	 52.227603006237	14	 WOLA
 20.995603517616	 52.227479459581	14	 WOLA
 21.002921670454	 52.227355459417	10	 SRÓDMIESCIE
 21.010239770148	 52.227231005753	10	 SRÓDMIESCIE
 21.017557816505	 52.227106098596	10	 SRÓDMIESCIE
 21.024875809331	 52.226980737953	10	 SRÓDMIESCIE
 21.032193748434	 52.226854923833	10	 SRÓDMIESCIE
 21.039511633619	 52.226728656242	10	 SRÓDMIESCIE
 21.046829464693	 52.226601935189	10	 SRÓDMIESCIE
 21.054147241462	 52.226474760681	0	 PRAGA-POLUDNIE
 21.061464963734	 52.226347132727	0	 PRAGA-POLUDNIE
 21.068782631314	 52.226219051333	0	 PRAGA-POLUDNIE
 21.07610024401	 52.226090516508	0	 PRAGA-POLUDNIE
 21.083417801627	 52.22596152826	0	 PRAGA-POLUDNIE
 21.090735303973	 52.225832086596	0	 PRAGA-POLUDNIE
 21.098052750854	 52.225702191524	0	 PRAGA-POLUDNIE
 21.105370142077	 52.225571843052	0	 PRAGA-POLUDNIE
 21.112687477449	 52.225441041189	8	 WAWER
 21.120004756775	 52.225309785942	8	 WAWER
 21.127321979863	 52.225178077318	8	 WAWER
 21.134639146519	 52.225045915327	8	 WAWER
 21.14195625655	 52.224913299976	8	 WAWER
 21.149273309763	 52.224780231274	8	 WAWER
 21.156590305964	 52.224646709227	8	 WAWER
 21.163907244961	 52.224512733846	8	 WAWER
 21.171224126559	 52.224378305137	8	 WAWER
 21.178540950565	 52.224243423108	8	 WAWER
 21.185857716787	 52.224108087769	8	 WAWER
 21.19317442503	 52.223972299128	8	 WAWER
 21.200491075103	 52.223836057191	8	 WAWER
 21.207807666811	 52.223699361969	11	 WESOLA
 21.215124199961	 52.223562213469	11	 WESOLA
 21.22244067436	 52.2234246117	11	 WESOLA
 21.229757089814	 52.22328655667	11	 WESOLA
 21.237073446132	 52.223148048387	11	 WESOLA
 21.244389743118	 52.22300908686	11	 WESOLA
 20.893335158271	 52.233662034511	5	 BEMOWO
 20.900654773095	 52.233544365195	5	 BEMOWO
 20.907974337467	 52.233426242202	5	 BEMOWO
 20.915293851194	 52.233307665539	5	 BEMOWO
 20.922613314082	 52.233188635214	14	 WOLA
 20.929932725938	 52.233069151234	14	 WOLA
 20.937252086567	 52.232949213606	14	 WOLA
 20.944571395777	 52.232828822337	14	 WOLA
 20.951890653373	 52.232707977436	14	 WOLA
 20.959209859162	 52.232586678908	14	 WOLA
 20.96652901295	 52.232464926762	14	 WOLA
 20.973848114544	 52.232342721005	14	 WOLA
 20.98116716375	 52.232220061644	14	 WOLA
 20.988486160375	 52.232096948687	14	 WOLA
 20.995805104224	 52.231973382141	14	 WOLA
 21.003123995105	 52.231849362015	10	 SRÓDMIESCIE
 21.010442832824	 52.231724888315	10	 SRÓDMIESCIE
 21.017761617186	 52.231599961049	10	 SRÓDMIESCIE
 21.025080348	 52.231474580225	10	 SRÓDMIESCIE
 21.032399025071	 52.23134874585	10	 SRÓDMIESCIE
 21.039717648205	 52.231222457932	10	 SRÓDMIESCIE
 21.04703621721	 52.231095716479	0	 PRAGA-POLUDNIE
 21.054354731891	 52.230968521498	0	 PRAGA-POLUDNIE
 21.061673192055	 52.230840872998	0	 PRAGA-POLUDNIE
 21.068991597509	 52.230712770985	0	 PRAGA-POLUDNIE
 21.076309948059	 52.230584215469	0	 PRAGA-POLUDNIE
 21.083628243511	 52.230455206456	0	 PRAGA-POLUDNIE
 21.090946483673	 52.230325743954	0	 PRAGA-POLUDNIE
 21.098264668351	 52.230195827972	0	 PRAGA-POLUDNIE
 21.10558279735	 52.230065458517	0	 PRAGA-POLUDNIE
 21.112900870479	 52.229934635598	0	 PRAGA-POLUDNIE
 21.120218887543	 52.229803359222	8	 WAWER
 21.127536848349	 52.229671629397	8	 WAWER
 21.134854752704	 52.229539446131	8	 WAWER
 21.142172600414	 52.229406809433	8	 WAWER
 21.149490391286	 52.22927371931	8	 WAWER
 21.156808125126	 52.22914017577	8	 WAWER
 21.164125801741	 52.229006178822	8	 WAWER
 21.171443420938	 52.228871728475	8	 WAWER
 21.178760982524	 52.228736824735	8	 WAWER
 21.186078486304	 52.228601467611	8	 WAWER
 21.193395932086	 52.228465657112	8	 WAWER
 21.200713319677	 52.228329393246	8	 WAWER
 21.208030648882	 52.228192676021	8	 WAWER
 21.215347919509	 52.228055505445	11	 WESOLA
 21.222665131365	 52.227917881527	11	 WESOLA
 21.229982284256	 52.227779804275	11	 WESOLA
 21.237299377989	 52.227641273698	11	 WESOLA
 21.24461641237	 52.227502289804	11	 WESOLA
 20.893526460624	 52.238156224957	5	 BEMOWO
 20.900846813938	 52.238038536696	5	 BEMOWO
 20.908167116782	 52.237920394684	5	 BEMOWO
 20.915487368963	 52.23780179893	5	 BEMOWO
 20.922807570287	 52.23768274944	5	 BEMOWO
 20.930127720561	 52.237563246222	14	 WOLA
 20.937447819591	 52.237443289284	14	 WOLA
 20.944767867184	 52.237322878632	14	 WOLA
 20.952087863144	 52.237202014273	14	 WOLA
 20.95940780728	 52.237080696216	14	 WOLA
 20.966727699396	 52.236958924468	14	 WOLA
 20.974047539301	 52.236836699036	14	 WOLA
 20.981367326799	 52.236714019927	14	 WOLA
 20.988687061697	 52.236590887149	14	 WOLA
 20.996006743801	 52.23646730071	14	 WOLA
 21.003326372919	 52.236343260616	10	 SRÓDMIESCIE
 21.010645948855	 52.236218766876	10	 SRÓDMIESCIE
 21.017965471417	 52.236093819498	10	 SRÓDMIESCIE
 21.025284940412	 52.235968418488	10	 SRÓDMIESCIE
 21.032604355644	 52.235842563855	10	 SRÓDMIESCIE
 21.039923716922	 52.235716255606	10	 SRÓDMIESCIE
 21.04724302405	 52.235589493748	0	 PRAGA-POLUDNIE
 21.054562276836	 52.23546227829	0	 PRAGA-POLUDNIE
 21.061881475087	 52.23533460924	0	 PRAGA-POLUDNIE
 21.069200618607	 52.235206486604	0	 PRAGA-POLUDNIE
 21.076519707205	 52.235077910392	0	 PRAGA-POLUDNIE
 21.083838740686	 52.23494888061	0	 PRAGA-POLUDNIE
 21.091157718857	 52.234819397267	0	 PRAGA-POLUDNIE
 21.098476641524	 52.234689460371	0	 PRAGA-POLUDNIE
 21.105795508495	 52.234559069928	0	 PRAGA-POLUDNIE
 21.113114319574	 52.234428225949	0	 PRAGA-POLUDNIE
 21.12043307457	 52.234296928439	0	 PRAGA-POLUDNIE
 21.127751773287	 52.234165177408	0	 PRAGA-POLUDNIE
 21.135070415534	 52.234032972864	8	 WAWER
 21.142389001116	 52.233900314814	8	 WAWER
 21.14970752984	 52.233767203266	8	 WAWER
 21.157026001513	 52.233633638229	8	 WAWER
 21.16434441594	 52.233499619711	8	 WAWER
 21.17166277293	 52.23336514772	8	 WAWER
 21.178981072287	 52.233230222264	8	 WAWER
 21.186299313819	 52.233094843352	8	 WAWER
 21.193617497333	 52.232959010991	8	 WAWER
 21.200935622635	 52.23282272519	8	 WAWER
 21.208253689532	 52.232685985958	11	 WESOLA
 21.215571697829	 52.232548793302	11	 WESOLA
 21.222889647335	 52.232411147231	11	 WESOLA
 21.230207537856	 52.232273047753	11	 WESOLA
 21.237525369197	 52.232134494877	11	 WESOLA
 21.244843141167	 52.231995488612	11	 WESOLA
 20.901038905249	 52.242532704255	5	 BEMOWO
 20.908359946759	 52.242414543221	5	 BEMOWO
 20.915680937588	 52.242295928371	5	 BEMOWO
 20.923001877543	 52.242176859713	5	 BEMOWO
 20.930322766429	 52.242057337254	14	 WOLA
 20.937643604053	 52.241937361001	14	 WOLA
 20.944964390222	 52.241816930961	14	 WOLA
 20.952285124741	 52.241696047143	14	 WOLA
 20.959605807417	 52.241574709553	14	 WOLA
 20.966926438056	 52.241452918198	14	 WOLA
 20.974247016464	 52.241330673087	14	 WOLA
 20.981567542447	 52.241207974226	14	 WOLA
 20.988888015812	 52.241084821623	14	 WOLA
 20.996208436365	 52.240961215286	10	 SRÓDMIESCIE
 21.003528803913	 52.240837155221	10	 SRÓDMIESCIE
 21.010849118261	 52.240712641438	10	 SRÓDMIESCIE
 21.018169379216	 52.240587673943	10	 SRÓDMIESCIE
 21.025489586585	 52.240462252743	10	 SRÓDMIESCIE
 21.032809740173	 52.240336377847	10	 SRÓDMIESCIE
 21.040129839787	 52.240210049263	0	 PRAGA-POLUDNIE
 21.047449885233	 52.240083266997	0	 PRAGA-POLUDNIE
 21.054769876318	 52.239956031058	0	 PRAGA-POLUDNIE
 21.062089812848	 52.239828341453	0	 PRAGA-POLUDNIE
 21.069409694629	 52.239700198191	0	 PRAGA-POLUDNIE
 21.076729521468	 52.239571601278	0	 PRAGA-POLUDNIE
 21.084049293171	 52.239442550723	0	 PRAGA-POLUDNIE
 21.091369009545	 52.239313046535	0	 PRAGA-POLUDNIE
 21.098688670395	 52.239183088719	0	 PRAGA-POLUDNIE
 21.10600827553	 52.239052677286	0	 PRAGA-POLUDNIE
 21.113327824753	 52.238921812241	0	 PRAGA-POLUDNIE
 21.120647317874	 52.238790493595	0	 PRAGA-POLUDNIE
 21.127966754696	 52.238658721353	0	 PRAGA-POLUDNIE
 21.135286135028	 52.238526495526	8	 WAWER
 21.142605458676	 52.23839381612	8	 WAWER
 21.149924725446	 52.238260683143	8	 WAWER
 21.157243935144	 52.238127096604	8	 WAWER
 21.164563087578	 52.237993056512	8	 WAWER
 21.171882182553	 52.237858562873	8	 WAWER
 21.179201219876	 52.237723615697	8	 WAWER
 21.186520199354	 52.237588214991	8	 WAWER
 21.193839120792	 52.237452360764	11	 WESOLA
 21.201157983999	 52.237316053025	11	 WESOLA
 21.20847678878	 52.23717929178	11	 WESOLA
 21.215795534942	 52.237042077039	11	 WESOLA
 21.223114222291	 52.236904408811	11	 WESOLA
 21.230432850634	 52.236766287103	11	 WESOLA
 21.237751419778	 52.236627711924	11	 WESOLA
 21.252388379693	 52.236349201186	11	 WESOLA
 20.886587334991	 52.2472618663	5	 BEMOWO
 20.893909216175	 52.247144594038	5	 BEMOWO
 20.901231047048	 52.247026867873	5	 BEMOWO
 20.908552827417	 52.246908687813	5	 BEMOWO
 20.915874557088	 52.246790053864	5	 BEMOWO
 20.923196235866	 52.246670966033	5	 BEMOWO
 20.930517863559	 52.246551424329	5	 BEMOWO
 20.937839439971	 52.246431428757	14	 WOLA
 20.94516096491	 52.246310979327	14	 WOLA
 20.952482438181	 52.246190076044	14	 WOLA
 20.959803859591	 52.246068718916	14	 WOLA
 20.967125228946	 52.245946907952	14	 WOLA
 20.974446546051	 52.245824643157	14	 WOLA
 20.981767810714	 52.24570192454	14	 WOLA
 20.98908902274	 52.245578752108	14	 WOLA
 20.996410181935	 52.245455125869	10	 SRÓDMIESCIE
 21.003731288107	 52.24533104583	10	 SRÓDMIESCIE
 21.01105234106	 52.245206511999	10	 SRÓDMIESCIE
 21.018373340602	 52.245081524383	10	 SRÓDMIESCIE
 21.025694286538	 52.24495608299	10	 SRÓDMIESCIE
 21.033015178675	 52.244830187827	13	 PRAGA-PÓLNOC
 21.04033601682	 52.244703838903	13	 PRAGA-PÓLNOC
 21.047656800777	 52.244577036225	0	 PRAGA-POLUDNIE
 21.054977530354	 52.2444497798	0	 PRAGA-POLUDNIE
 21.062298205357	 52.244322069637	0	 PRAGA-POLUDNIE
 21.069618825593	 52.244193905744	0	 PRAGA-POLUDNIE
 21.076939390867	 52.244065288127	0	 PRAGA-POLUDNIE
 21.084259900985	 52.243936216795	0	 PRAGA-POLUDNIE
 21.091580355756	 52.243806691756	0	 PRAGA-POLUDNIE
 21.098900754983	 52.243676713018	0	 PRAGA-POLUDNIE
 21.106221098475	 52.243546280589	0	 PRAGA-POLUDNIE
 21.113541386036	 52.243415394476	0	 PRAGA-POLUDNIE
 21.120861617475	 52.243284054687	0	 PRAGA-POLUDNIE
 21.128181792596	 52.243152261232	0	 PRAGA-POLUDNIE
 21.135501911207	 52.243020014116	6	 REMBERTÓW
 21.142821973114	 52.24288731335	6	 REMBERTÓW
 21.150141978123	 52.24275415894	6	 REMBERTÓW
 21.157461926041	 52.242620550896	6	 REMBERTÓW
 21.164781816673	 52.242486489224	6	 REMBERTÓW
 21.172101649828	 52.242351973933	8	 WAWER
 21.17942142531	 52.242217005032	8	 WAWER
 21.186741142926	 52.242081582529	11	 WESOLA
 21.194060802484	 52.241945706432	11	 WESOLA
 21.201380403789	 52.241809376749	11	 WESOLA
 21.208699946648	 52.241672593488	11	 WESOLA
 21.216019430867	 52.241535356658	11	 WESOLA
 21.223338856253	 52.241397666268	11	 WESOLA
 21.230658222612	 52.241259522325	11	 WESOLA
 21.237977529751	 52.241120924838	11	 WESOLA
 20.872132658381	 52.251989284155	5	 BEMOWO
 20.879455378727	 52.251872900982	5	 BEMOWO
 20.886778049134	 52.251756063819	5	 BEMOWO
 20.894100669407	 52.251638772672	5	 BEMOWO
 20.901423239351	 52.25152102755	5	 BEMOWO
 20.908745758773	 52.251402828459	5	 BEMOWO
 20.91606822748	 52.251284175407	5	 BEMOWO
 20.923390645276	 52.2511650684	5	 BEMOWO
 20.930713011968	 52.251045507446	5	 BEMOWO
 20.938035327363	 52.250925492553	5	 BEMOWO
 20.945357591266	 52.250805023727	14	 WOLA
 20.952679803483	 52.250684100976	14	 WOLA
 20.96000196382	 52.250562724308	14	 WOLA
 20.967324072084	 52.250440893729	14	 WOLA
 20.974646128081	 52.250318609248	14	 WOLA
 20.981968131617	 52.250195870871	14	 WOLA
 20.989290082498	 52.250072678606	10	 SRÓDMIESCIE
 20.996611980529	 52.249949032461	10	 SRÓDMIESCIE
 21.003933825518	 52.249824932443	10	 SRÓDMIESCIE
 21.011255617271	 52.24970037856	10	 SRÓDMIESCIE
 21.018577355593	 52.249575370819	10	 SRÓDMIESCIE
 21.025899040291	 52.249449909228	13	 PRAGA-PÓLNOC
 21.033220671171	 52.249323993795	13	 PRAGA-PÓLNOC
 21.040542248039	 52.249197624527	13	 PRAGA-PÓLNOC
 21.047863770702	 52.249070801432	0	 PRAGA-POLUDNIE
 21.055185238965	 52.248943524518	0	 PRAGA-POLUDNIE
 21.062506652635	 52.248815793793	0	 PRAGA-POLUDNIE
 21.069828011518	 52.248687609263	0	 PRAGA-POLUDNIE
 21.077149315421	 52.248558970938	0	 PRAGA-POLUDNIE
 21.084470564149	 52.248429878826	0	 PRAGA-POLUDNIE
 21.091791757509	 52.248300332932	0	 PRAGA-POLUDNIE
 21.099112895307	 52.248170333267	0	 PRAGA-POLUDNIE
 21.106433977349	 52.248039879838	0	 PRAGA-POLUDNIE
 21.113755003443	 52.247908972652	0	 PRAGA-POLUDNIE
 21.121075973393	 52.247777611717	0	 PRAGA-POLUDNIE
 21.128396887007	 52.247645797043	6	 REMBERTÓW
 21.13571774409	 52.247513528636	6	 REMBERTÓW
 21.14303854445	 52.247380806505	6	 REMBERTÓW
 21.150359287892	 52.247247630658	6	 REMBERTÓW
 21.157679974222	 52.247114001103	6	 REMBERTÓW
 21.165000603248	 52.246979917848	6	 REMBERTÓW
 21.172321174775	 52.246845380901	6	 REMBERTÓW
 21.179641688609	 52.246710390271	6	 REMBERTÓW
 21.186962144558	 52.246574945965	11	 WESOLA
 21.194282542428	 52.246439047993	11	 WESOLA
 21.201602882025	 52.246302696362	11	 WESOLA
 21.208923163155	 52.246165891081	11	 WESOLA
 21.216243385625	 52.246028632157	11	 WESOLA
 21.223563549241	 52.2458909196	11	 WESOLA
 21.23088365381	 52.245752753418	11	 WESOLA
 21.238203699138	 52.245614133619	11	 WESOLA
 21.245523685032	 52.245475060212	11	 WESOLA
 20.872321944041	 52.256483515296	5	 BEMOWO
 20.879645403705	 52.256367113381	5	 BEMOWO
 20.886968813412	 52.256250257403	5	 BEMOWO
 20.894292172967	 52.256132947369	5	 BEMOWO
 20.901615482176	 52.256015183285	5	 BEMOWO
 20.908938740846	 52.255896965161	5	 BEMOWO
 20.916261948782	 52.255778293001	5	 BEMOWO
 20.92358510579	 52.255659166814	5	 BEMOWO
 20.930908211676	 52.255539586608	5	 BEMOWO
 20.938231266246	 52.255419552388	5	 BEMOWO
 20.945554269307	 52.255299064163	5	 BEMOWO
 20.952877220664	 52.25517812194	14	 WOLA
 20.960200120123	 52.255056725727	14	 WOLA
 20.967522967491	 52.25493487553	14	 WOLA
 20.974845762573	 52.254812571357	14	 WOLA
 20.982168505175	 52.254689813217	14	 WOLA
 20.989491195104	 52.254566601115	10	 SRÓDMIESCIE
 20.996813832166	 52.25444293506	10	 SRÓDMIESCIE
 21.004136416167	 52.254318815059	10	 SRÓDMIESCIE
 21.011458946912	 52.25419424112	10	 SRÓDMIESCIE
 21.018781424208	 52.25406921325	13	 PRAGA-PÓLNOC
 21.026103847862	 52.253943731457	13	 PRAGA-PÓLNOC
 21.033426217678	 52.25381779575	13	 PRAGA-PÓLNOC
 21.040748533464	 52.253691406134	13	 PRAGA-PÓLNOC
 21.048070795026	 52.253564562618	13	 PRAGA-PÓLNOC
 21.055393002168	 52.253437265211	13	 PRAGA-PÓLNOC
 21.062715154699	 52.253309513919	0	 PRAGA-POLUDNIE
 21.070037252424	 52.25318130875	0	 PRAGA-POLUDNIE
 21.077359295149	 52.253052649713	0	 PRAGA-POLUDNIE
 21.08468128268	 52.252923536814	0	 PRAGA-POLUDNIE
 21.092003214824	 52.252793970063	0	 PRAGA-POLUDNIE
 21.099325091386	 52.252663949466	0	 PRAGA-POLUDNIE
 21.106646912174	 52.252533475032	0	 PRAGA-POLUDNIE
 21.113968676992	 52.252402546769	0	 PRAGA-POLUDNIE
 21.121290385648	 52.252271164685	6	 REMBERTÓW
 21.128612037948	 52.252139328787	6	 REMBERTÓW
 21.135933633697	 52.252007039084	6	 REMBERTÓW
 21.143255172703	 52.251874295584	6	 REMBERTÓW
 21.150576654771	 52.251741098295	6	 REMBERTÓW
 21.157898079708	 52.251607447225	6	 REMBERTÓW
 21.16521944732	 52.251473342383	6	 REMBERTÓW
 21.172540757414	 52.251338783776	6	 REMBERTÓW
 21.179862009795	 52.251203771412	6	 REMBERTÓW
 21.18718320427	 52.2510683053	11	 WESOLA
 21.194504340645	 52.250932385449	11	 WESOLA
 21.201825418727	 52.250796011865	11	 WESOLA
 21.209146438322	 52.250659184559	11	 WESOLA
 21.216467399236	 52.250521903538	11	 WESOLA
 21.223788301276	 52.25038416881	11	 WESOLA
 21.231109144249	 52.250245980384	11	 WESOLA
 21.238429927959	 52.250107338268	11	 WESOLA
 21.245750652215	 52.249968242471	11	 WESOLA
 21.253071316822	 52.249828693001	11	 WESOLA
 20.879835478641	 52.260861321851	5	 BEMOWO
 20.887159627842	 52.260744447054	5	 BEMOWO
 20.894483726873	 52.260627118127	5	 BEMOWO
 20.901807775541	 52.260509335079	5	 BEMOWO
 20.909131773652	 52.260391097916	5	 BEMOWO
 20.916455721011	 52.260272406646	5	 BEMOWO
 20.923779617425	 52.260153261275	5	 BEMOWO
 20.931103462699	 52.260033661812	5	 BEMOWO
 20.938427256639	 52.259913608262	5	 BEMOWO
 20.945750999052	 52.259793100634	5	 BEMOWO
 20.953074689743	 52.259672138936	17	 ZOLIBORZ
 20.960398328517	 52.259550723173	17	 ZOLIBORZ
 20.967721915183	 52.259428853354	17	 ZOLIBORZ
 20.975045449544	 52.259306529487	17	 ZOLIBORZ
 20.982368931407	 52.259183751578	10	 SRÓDMIESCIE
 20.989692360579	 52.259060519635	10	 SRÓDMIESCIE
 20.997015736864	 52.258936833666	10	 SRÓDMIESCIE
 21.00433906007	 52.258812693679	10	 SRÓDMIESCIE
 21.011662330002	 52.25868809968	13	 PRAGA-PÓLNOC
 21.018985546467	 52.258563051677	13	 PRAGA-PÓLNOC
 21.026308709269	 52.258437549678	13	 PRAGA-PÓLNOC
 21.033631818216	 52.258311593692	13	 PRAGA-PÓLNOC
 21.040954873114	 52.258185183724	13	 PRAGA-PÓLNOC
 21.048277873768	 52.258058319784	13	 PRAGA-PÓLNOC
 21.055600819984	 52.257931001879	13	 PRAGA-PÓLNOC
 21.06292371157	 52.257803230016	13	 PRAGA-PÓLNOC
 21.07024654833	 52.257675004203	0	 PRAGA-POLUDNIE
 21.077569330071	 52.257546324449	0	 PRAGA-POLUDNIE
 21.084892056599	 52.257417190761	0	 PRAGA-POLUDNIE
 21.09221472772	 52.257287603147	0	 PRAGA-POLUDNIE
 21.09953734324	 52.257157561615	0	 PRAGA-POLUDNIE
 21.106859902966	 52.257027066173	0	 PRAGA-POLUDNIE
 21.114182406704	 52.256896116828	0	 PRAGA-POLUDNIE
 21.121504854259	 52.256764713589	6	 REMBERTÓW
 21.128827245439	 52.256632856465	6	 REMBERTÓW
 21.136149580048	 52.256500545461	6	 REMBERTÓW
 21.143471857894	 52.256367780588	6	 REMBERTÓW
 21.150794078782	 52.256234561853	6	 REMBERTÓW
 21.15811624252	 52.256100889264	6	 REMBERTÓW
 21.165438348912	 52.255966762829	6	 REMBERTÓW
 21.172760397765	 52.255832182557	6	 REMBERTÓW
 21.180082388886	 52.255697148456	6	 REMBERTÓW
 21.187404322081	 52.255561660533	6	 REMBERTÓW
 21.194726197156	 52.255425718798	11	 WESOLA
 21.202048013916	 52.255289323258	11	 WESOLA
 21.20936977217	 52.255152473922	11	 WESOLA
 21.216691471722	 52.255015170798	11	 WESOLA
 21.22401311238	 52.254877413895	11	 WESOLA
 21.231334693949	 52.254739203221	11	 WESOLA
 21.238656216236	 52.254600538784	11	 WESOLA
 21.245977679046	 52.254461420593	11	 WESOLA
 20.880025603552	 52.26535552639	5	 BEMOWO
 20.88735049244	 52.26523863277	5	 BEMOWO
 20.894675331143	 52.265121284949	5	 BEMOWO
 20.902000119464	 52.265003482932	5	 BEMOWO
 20.90932485721	 52.264885226727	5	 BEMOWO
 20.916649544187	 52.264766516342	5	 BEMOWO
 20.9239741802	 52.264647351783	5	 BEMOWO
 20.931298765056	 52.264527733059	5	 BEMOWO
 20.93862329856	 52.264407660176	5	 BEMOWO
 20.945947780519	 52.264287133141	3	 BIELANY
 20.953272210737	 52.264166151962	3	 BIELANY
 20.960596589022	 52.264044716647	17	 ZOLIBORZ
 20.967920915178	 52.263922827202	17	 ZOLIBORZ
 20.975245189013	 52.263800483636	17	 ZOLIBORZ
 20.982569410331	 52.263677685955	17	 ZOLIBORZ
 20.989893578939	 52.263554434167	17	 ZOLIBORZ
 20.997217694642	 52.26343072828	17	 ZOLIBORZ
 21.004541757247	 52.263306568302	17	 ZOLIBORZ
 21.01186576656	 52.263181954239	13	 PRAGA-PÓLNOC
 21.019189722387	 52.263056886099	13	 PRAGA-PÓLNOC
 21.026513624532	 52.262931363891	13	 PRAGA-PÓLNOC
 21.033837472804	 52.262805387621	13	 PRAGA-PÓLNOC
 21.041161267007	 52.262678957298	13	 PRAGA-PÓLNOC
 21.048485006947	 52.262552072929	13	 PRAGA-PÓLNOC
 21.055808692432	 52.262424734521	13	 PRAGA-PÓLNOC
 21.063132323265	 52.262296942084	7	 TARGÓWEK
 21.070455899255	 52.262168695623	7	 TARGÓWEK
 21.077779420206	 52.262039995148	7	 TARGÓWEK
 21.085102885924	 52.261910840667	7	 TARGÓWEK
 21.092426296217	 52.261781232186	7	 TARGÓWEK
 21.099749650889	 52.261651169714	7	 TARGÓWEK
 21.107072949748	 52.261520653259	7	 TARGÓWEK
 21.114396192598	 52.261389682829	6	 REMBERTÓW
 21.121719379247	 52.261258258431	6	 REMBERTÓW
 21.1290425095	 52.261126380075	6	 REMBERTÓW
 21.136365583163	 52.260994047767	6	 REMBERTÓW
 21.143688600042	 52.260861261516	6	 REMBERTÓW
 21.151011559945	 52.260728021331	6	 REMBERTÓW
 21.158334462676	 52.260594327218	6	 REMBERTÓW
 21.165657308042	 52.260460179187	6	 REMBERTÓW
 21.172980095849	 52.260325577246	6	 REMBERTÓW
 21.180302825904	 52.260190521402	6	 REMBERTÓW
 21.224237982572	 52.259370654856	11	 WESOLA
 21.231560302931	 52.259232421929	11	 WESOLA
 21.238882563988	 52.259093735166	11	 WESOLA
 21.246204765548	 52.258954594577	11	 WESOLA
 20.880215778455	 52.269849726999	5	 BEMOWO
 20.887541407226	 52.269732814553	5	 BEMOWO
 20.894866985793	 52.269615447832	5	 BEMOWO
 20.902192513961	 52.269497626842	5	 BEMOWO
 20.909517991537	 52.269379351592	5	 BEMOWO
 20.916843418325	 52.269260622089	5	 BEMOWO
 20.924168794133	 52.269141438338	5	 BEMOWO
 20.931494118765	 52.269021800349	3	 BIELANY
 20.938819392027	 52.268901708128	3	 BIELANY
 20.946144613725	 52.268781161683	3	 BIELANY
 20.953469783666	 52.26866016102	3	 BIELANY
 20.960794901654	 52.268538706148	17	 ZOLIBORZ
 20.968119967496	 52.268416797073	17	 ZOLIBORZ
 20.975444980998	 52.268294433804	17	 ZOLIBORZ
 20.982769941965	 52.268171616347	17	 ZOLIBORZ
 20.990094850203	 52.268048344711	17	 ZOLIBORZ
 20.997419705519	 52.267924618902	17	 ZOLIBORZ
 21.004744507717	 52.267800438928	17	 ZOLIBORZ
 21.012069256605	 52.267675804797	13	 PRAGA-PÓLNOC
 21.019393951987	 52.267550716517	13	 PRAGA-PÓLNOC
 21.02671859367	 52.267425174094	13	 PRAGA-PÓLNOC
 21.03404318146	 52.267299177538	13	 PRAGA-PÓLNOC
 21.041367715162	 52.267172726854	13	 PRAGA-PÓLNOC
 21.048692194584	 52.267045822052	7	 TARGÓWEK
 21.056016619529	 52.266918463139	7	 TARGÓWEK
 21.063340989805	 52.266790650122	7	 TARGÓWEK
 21.070665305218	 52.26666238301	7	 TARGÓWEK
 21.077989565573	 52.26653366181	7	 TARGÓWEK
 21.085313770676	 52.26640448653	7	 TARGÓWEK
 21.092637920334	 52.266274857178	7	 TARGÓWEK
 21.099962014352	 52.266144773762	7	 TARGÓWEK
 21.107286052537	 52.26601423629	7	 TARGÓWEK
 21.114610034694	 52.26588324477	6	 REMBERTÓW
 21.12193396063	 52.26575179921	6	 REMBERTÓW
 21.12925783015	 52.265619899618	6	 REMBERTÓW
 21.136581643061	 52.265487546001	6	 REMBERTÓW
 21.143905399168	 52.265354738369	6	 REMBERTÓW
 21.151229098278	 52.265221476728	6	 REMBERTÓW
 21.158552740197	 52.265087761088	6	 REMBERTÓW
 21.165876324731	 52.264953591456	6	 REMBERTÓW
 21.173199851686	 52.264818967841	6	 REMBERTÓW
 21.180523320868	 52.264683890251	6	 REMBERTÓW
 20.880406003368	 52.274343923678	5	 BEMOWO
 20.887732372216	 52.274226992402	5	 BEMOWO
 20.895058690842	 52.274109606777	5	 BEMOWO
 20.902384959052	 52.273991766812	5	 BEMOWO
 20.909711176651	 52.273873472512	3	 BIELANY
 20.917037343445	 52.273754723886	3	 BIELANY
 20.924363459241	 52.27363552094	3	 BIELANY
 20.931689523843	 52.273515863682	3	 BIELANY
 20.939015537057	 52.27339575212	3	 BIELANY
 20.94634149869	 52.27327518626	3	 BIELANY
 20.953667408546	 52.273154166109	3	 BIELANY
 20.960993266433	 52.273032691676	3	 BIELANY
 20.968319072154	 52.272910762968	17	 ZOLIBORZ
 20.975644825517	 52.272788379992	17	 ZOLIBORZ
 20.982970526327	 52.272665542755	17	 ZOLIBORZ
 20.99029617439	 52.272542251266	17	 ZOLIBORZ
 20.997621769512	 52.272418505531	17	 ZOLIBORZ
 21.004947311498	 52.272294305558	13	 PRAGA-PÓLNOC
 21.012272800154	 52.272169651355	13	 PRAGA-PÓLNOC
 21.019598235287	 52.27204454293	13	 PRAGA-PÓLNOC
 21.026923616701	 52.271918980289	7	 TARGÓWEK
 21.034248944203	 52.271792963441	7	 TARGÓWEK
 21.041574217599	 52.271666492394	7	 TARGÓWEK
 21.048899436695	 52.271539567155	7	 TARGÓWEK
 21.056224601296	 52.271412187731	7	 TARGÓWEK
 21.063549711209	 52.271284354131	7	 TARGÓWEK
 21.070874766239	 52.271156066363	7	 TARGÓWEK
 21.078199766191	 52.271027324434	7	 TARGÓWEK
 21.085524710874	 52.270898128352	7	 TARGÓWEK
 21.092849600091	 52.270768478125	7	 TARGÓWEK
 21.100174433649	 52.270638373761	7	 TARGÓWEK
 21.107499211354	 52.270507815268	7	 TARGÓWEK
 21.114823933012	 52.270376802653	6	 REMBERTÓW
 21.122148598428	 52.270245335926	6	 REMBERTÓW
 21.12947320741	 52.270113415093	6	 REMBERTÓW
 21.136797759762	 52.269981040164	6	 REMBERTÓW
 21.144122255291	 52.269848211145	6	 REMBERTÓW
 21.151446693803	 52.269714928045	6	 REMBERTÓW
 21.158771075104	 52.269581190873	6	 REMBERTÓW
 21.166095398999	 52.269446999636	6	 REMBERTÓW
 21.173419665296	 52.269312354343	6	 REMBERTÓW
 21.180743873799	 52.269177255002	6	 REMBERTÓW
 20.887923387428	 52.278721166317	5	 BEMOWO
 20.895250446307	 52.278603761785	3	 BIELANY
 20.902577454753	 52.278485902839	3	 BIELANY
 20.90990441257	 52.278367589486	3	 BIELANY
 20.917231319564	 52.278248821734	3	 BIELANY
 20.924558175542	 52.278129599589	3	 BIELANY
 20.931884980309	 52.278009923059	3	 BIELANY
 20.939211733669	 52.27788979215	3	 BIELANY
 20.946538435431	 52.277769206872	3	 BIELANY
 20.953865085397	 52.27764816723	3	 BIELANY
 20.961191683376	 52.277526673232	3	 BIELANY
 20.968518229171	 52.277404724886	3	 BIELANY
 20.97584472259	 52.277282322199	17	 ZOLIBORZ
 20.983171163437	 52.277159465179	17	 ZOLIBORZ
 20.990497551519	 52.277036153832	17	 ZOLIBORZ
 20.99782388664	 52.276912388167	17	 ZOLIBORZ
 21.005150168608	 52.276788168192	13	 PRAGA-PÓLNOC
 21.012476397227	 52.276663493913	13	 PRAGA-PÓLNOC
 21.019802572304	 52.276538365338	13	 PRAGA-PÓLNOC
 21.027128693644	 52.276412782475	7	 TARGÓWEK
 21.034454761053	 52.276286745332	7	 TARGÓWEK
 21.041780774337	 52.276160253917	7	 TARGÓWEK
 21.049106733301	 52.276033308236	7	 TARGÓWEK
 21.056432637752	 52.275905908298	7	 TARGÓWEK
 21.063758487495	 52.275778054111	7	 TARGÓWEK
 21.071084282336	 52.275649745682	7	 TARGÓWEK
 21.078410022081	 52.27552098302	7	 TARGÓWEK
 21.085735706536	 52.275391766131	7	 TARGÓWEK
 21.093061335506	 52.275262095025	7	 TARGÓWEK
 21.100386908798	 52.275131969709	7	 TARGÓWEK
 21.11503788757	 52.274870356477	6	 REMBERTÓW
 21.122363292662	 52.274738868578	6	 REMBERTÓW
 21.129688641299	 52.274606926501	6	 REMBERTÓW
 21.137013933287	 52.274474530254	6	 REMBERTÓW
 21.144339168431	 52.274341679845	6	 REMBERTÓW
 21.151664346539	 52.274208375282	6	 REMBERTÓW
 21.158989467415	 52.274074616574	6	 REMBERTÓW
 21.166314530867	 52.273940403728	6	 REMBERTÓW
 21.173639536698	 52.273805736752	6	 REMBERTÓW
 20.880786603295	 52.283332305246	3	 BIELANY
 20.888114452879	 52.283215336298	3	 BIELANY
 20.895442252206	 52.283097912855	3	 BIELANY
 20.902770001082	 52.282980034925	3	 BIELANY
 20.910097699311	 52.282861702515	3	 BIELANY
 20.9174253467	 52.282742915633	3	 BIELANY
 20.924752943055	 52.282623674284	3	 BIELANY
 20.93208048818	 52.282503978478	3	 BIELANY
 20.939407981882	 52.28238382822	3	 BIELANY
 20.946735423965	 52.282263223519	3	 BIELANY
 20.954062814237	 52.282142164381	3	 BIELANY
 20.961390152502	 52.282020650815	3	 BIELANY
 20.968717438565	 52.281898682827	3	 BIELANY
 20.976044672234	 52.281776260425	3	 BIELANY
 20.983371853312	 52.281653383617	17	 ZOLIBORZ
 20.990698981607	 52.28153005241	17	 ZOLIBORZ
 20.998026056923	 52.281406266811	17	 ZOLIBORZ
 21.005353079067	 52.281282026828	13	 PRAGA-PÓLNOC
 21.012680047843	 52.281157332469	13	 PRAGA-PÓLNOC
 21.020006963059	 52.281032183741	13	 PRAGA-PÓLNOC
 21.027333824518	 52.280906580652	7	 TARGÓWEK
 21.034660632028	 52.28078052321	7	 TARGÓWEK
 21.041987385394	 52.280654011422	7	 TARGÓWEK
 21.049314084421	 52.280527045296	7	 TARGÓWEK
 21.056640728915	 52.28039962484	7	 TARGÓWEK
 21.063967318683	 52.280271750061	7	 TARGÓWEK
 21.07129385353	 52.280143420968	7	 TARGÓWEK
 21.078620333261	 52.280014637568	7	 TARGÓWEK
 21.085946757683	 52.279885399869	7	 TARGÓWEK
 21.093273126601	 52.279755707879	7	 TARGÓWEK
 21.10059943982	 52.279625561606	7	 TARGÓWEK
 21.151882056506	 52.278701818439	6	 REMBERTÓW
 21.159207917152	 52.27856803819	6	 REMBERTÓW
 21.166533720353	 52.27843380373	6	 REMBERTÓW
 20.880976978344	 52.287826490134	3	 BIELANY
 20.888305568588	 52.287709502344	3	 BIELANY
 20.895634108557	 52.287592059987	3	 BIELANY
 20.902962598057	 52.287474163069	3	 BIELANY
 20.910291036893	 52.287355811599	3	 BIELANY
 20.917619424871	 52.287237005582	3	 BIELANY
 20.924947761796	 52.287117745026	3	 BIELANY
 20.932276047475	 52.28699802994	3	 BIELANY
 20.939604281712	 52.286877860329	3	 BIELANY
 20.946932464313	 52.286757236201	3	 BIELANY
 20.954260595083	 52.286636157564	3	 BIELANY
 20.961588673829	 52.286514624425	3	 BIELANY
 20.968916700355	 52.286392636792	3	 BIELANY
 20.976244674467	 52.286270194671	3	 BIELANY
 20.983572595972	 52.286147298071	3	 BIELANY
 20.990900464674	 52.286023946999	3	 BIELANY
 20.998228280379	 52.285900141462	13	 PRAGA-PÓLNOC
 21.005556042893	 52.285775881468	13	 PRAGA-PÓLNOC
 21.012883752021	 52.285651167025	13	 PRAGA-PÓLNOC
 21.020211407569	 52.28552599814	13	 PRAGA-PÓLNOC
 21.027539009342	 52.28540037482	7	 TARGÓWEK
 21.034866557147	 52.285274297075	7	 TARGÓWEK
 21.042194050789	 52.28514776491	7	 TARGÓWEK
 21.049521490073	 52.285020778335	7	 TARGÓWEK
 21.056848874806	 52.284893337356	7	 TARGÓWEK
 21.064176204792	 52.284765441982	7	 TARGÓWEK
 21.071503479839	 52.28463709222	7	 TARGÓWEK
 21.07883069975	 52.284508288078	7	 TARGÓWEK
 21.086157864333	 52.284379029565	7	 TARGÓWEK
 21.093484973393	 52.284249316687	7	 TARGÓWEK
 21.159426424334	 52.283061455721	6	 REMBERTÓW
 21.166752967479	 52.282927199643	6	 REMBERTÓW
 20.881167403473	 52.292320671092	3	 BIELANY
 20.888496734571	 52.292203664457	3	 BIELANY
 20.895826015376	 52.292086203181	3	 BIELANY
 20.903155245695	 52.291968287272	3	 BIELANY
 20.910484425333	 52.291849916736	3	 BIELANY
 20.917813554094	 52.291731091582	3	 BIELANY
 20.925142631785	 52.291611811815	3	 BIELANY
 20.932471658211	 52.291492077444	3	 BIELANY
 20.939800633178	 52.291371888476	3	 BIELANY
 20.94712955649	 52.291251244918	3	 BIELANY
 20.954458427954	 52.291130146778	3	 BIELANY
 20.961787247375	 52.291008594062	3	 BIELANY
 20.969116014558	 52.290886586779	3	 BIELANY
 20.976444729309	 52.290764124936	3	 BIELANY
 20.983773391434	 52.29064120854	3	 BIELANY
 20.991102000738	 52.290517837599	1	 BIALOLEKA
 20.998430557026	 52.29039401212	1	 BIALOLEKA
 21.005759060104	 52.290269732111	13	 PRAGA-PÓLNOC
 21.013087509778	 52.290144997579	13	 PRAGA-PÓLNOC
 21.020415905853	 52.290019808533	7	 TARGÓWEK
 21.027744248135	 52.289894164979	7	 TARGÓWEK
 21.035072536429	 52.289768066926	7	 TARGÓWEK
 21.042400770541	 52.289641514381	7	 TARGÓWEK
 21.049728950277	 52.289514507352	7	 TARGÓWEK
 21.057057075442	 52.289387045847	7	 TARGÓWEK
 21.064385145842	 52.289259129873	7	 TARGÓWEK
 21.071713161282	 52.289130759438	7	 TARGÓWEK
 21.079041121569	 52.289001934551	7	 TARGÓWEK
 21.086369026507	 52.288872655218	7	 TARGÓWEK
 21.093696875902	 52.288742921448	7	 TARGÓWEK
 21.166972272265	 52.287420591466	6	 REMBERTÓW
 20.881357878699	 52.29681484812	3	 BIELANY
 20.888687950846	 52.296697822635	3	 BIELANY
 20.896017972683	 52.296580342437	3	 BIELANY
 20.903347944015	 52.296462407533	3	 BIELANY
 20.910677864648	 52.296344017928	3	 BIELANY
 20.918007734388	 52.296225173632	3	 BIELANY
 20.925337553039	 52.296105874651	3	 BIELANY
 20.932667320407	 52.295986120992	3	 BIELANY
 20.939997036298	 52.295865912663	3	 BIELANY
 20.947326700516	 52.29574524967	3	 BIELANY
 20.954656312868	 52.295624132023	3	 BIELANY
 20.961985873159	 52.295502559727	3	 BIELANY
 20.969315381193	 52.29538053279	3	 BIELANY
 20.976644836778	 52.29525805122	1	 BIALOLEKA
 20.983974239717	 52.295135115024	1	 BIALOLEKA
 20.991303589817	 52.29501172421	1	 BIALOLEKA
 20.998632886882	 52.294887878785	1	 BIALOLEKA
 21.00596213072	 52.294763578757	1	 BIALOLEKA
 21.013291321134	 52.294638824133	7	 TARGÓWEK
 21.020620457931	 52.294513614921	7	 TARGÓWEK
 21.027949540915	 52.294387951129	7	 TARGÓWEK
 21.035278569893	 52.294261832765	7	 TARGÓWEK
 21.04260754467	 52.294135259835	7	 TARGÓWEK
 21.049936465052	 52.294008232348	7	 TARGÓWEK
 21.057265330844	 52.293880750312	7	 TARGÓWEK
 21.064594141851	 52.293752813734	7	 TARGÓWEK
 21.07192289788	 52.293624422623	7	 TARGÓWEK
 21.079251598735	 52.293495576985	7	 TARGÓWEK
 21.086580244223	 52.293366276829	7	 TARGÓWEK
 20.881548404041	 52.301309021217	3	 BIELANY
 20.888879217431	 52.30119197688	3	 BIELANY
 20.896209980494	 52.301074477755	3	 BIELANY
 20.903540693034	 52.300956523851	3	 BIELANY
 20.910871354858	 52.300838115175	3	 BIELANY
 20.91820196577	 52.300719251733	3	 BIELANY
 20.925532525576	 52.300599933533	3	 BIELANY
 20.932863034081	 52.300480160582	3	 BIELANY
 20.94019349109	 52.300359932888	3	 BIELANY
 20.947523896409	 52.300239250457	3	 BIELANY
 20.954854249844	 52.300118113298	3	 BIELANY
 20.962184551198	 52.299996521418	1	 BIALOLEKA
 20.969514800279	 52.299874474824	1	 BIALOLEKA
 20.976844996891	 52.299751973523	1	 BIALOLEKA
 20.984175140839	 52.299629017523	1	 BIALOLEKA
 20.99150523193	 52.299505606832	1	 BIALOLEKA
 20.998835269968	 52.299381741457	1	 BIALOLEKA
 21.006165254758	 52.299257421406	1	 BIALOLEKA
 21.013495186108	 52.299132646686	1	 BIALOLEKA
 21.02082506382	 52.299007417305	1	 BIALOLEKA
 21.028154887702	 52.29888173327	7	 TARGÓWEK
 21.035484657559	 52.29875559459	7	 TARGÓWEK
 21.042814373195	 52.298629001272	7	 TARGÓWEK
 21.050144034417	 52.298501953323	7	 TARGÓWEK
 21.05747364103	 52.298374450752	7	 TARGÓWEK
 21.064803192839	 52.298246493566	7	 TARGÓWEK
 21.072132689651	 52.298118081773	7	 TARGÓWEK
 21.07946213127	 52.297989215381	7	 TARGÓWEK
 20.881738979516	 52.305803190384	3	 BIELANY
 20.889070534344	 52.30568612719	3	 BIELANY
 20.896402038827	 52.305568609135	3	 BIELANY
 20.90373349277	 52.305450636228	3	 BIELANY
 20.911064895979	 52.305332208475	3	 BIELANY
 20.918396248258	 52.305213325884	3	 BIELANY
 20.925727549413	 52.305093988461	3	 BIELANY
 20.93305879925	 52.304974196215	3	 BIELANY
 20.940389997573	 52.304853949152	3	 BIELANY
 20.947721144187	 52.304733247279	3	 BIELANY
 20.955052238898	 52.304612090605	1	 BIALOLEKA
 20.962383281512	 52.304490479136	1	 BIALOLEKA
 20.969714271833	 52.30436841288	1	 BIALOLEKA
 20.977045209667	 52.304245891845	1	 BIALOLEKA
 20.98437609482	 52.304122916037	1	 BIALOLEKA
 20.991706927096	 52.303999485465	1	 BIALOLEKA
 20.9990377063	 52.303875600136	1	 BIALOLEKA
 21.006368432239	 52.303751260058	1	 BIALOLEKA
 21.013699104717	 52.303626465237	1	 BIALOLEKA
 21.021029723541	 52.303501215683	1	 BIALOLEKA
 21.028360288514	 52.303375511402	1	 BIALOLEKA
 21.035690799444	 52.303249352402	1	 BIALOLEKA
 21.043021256134	 52.303122738691	1	 BIALOLEKA
 21.050351658391	 52.302995670276	7	 TARGÓWEK
 21.057682006019	 52.302868147166	7	 TARGÓWEK
 21.065012298825	 52.302740169368	7	 TARGÓWEK
 21.072342536614	 52.302611736889	7	 TARGÓWEK
 21.079672719191	 52.302482849739	7	 TARGÓWEK
 20.88192960514	 52.31029735562	3	 BIELANY
 20.889261901601	 52.310180273565	3	 BIELANY
 20.8965941477	 52.310062736578	3	 BIELANY
 20.903926343241	 52.309944744663	3	 BIELANY
 20.911258488029	 52.30982629783	3	 BIELANY
 20.918590581871	 52.309707396086	3	 BIELANY
 20.92592262457	 52.309588039437	3	 BIELANY
 20.933254615933	 52.30946822789	3	 BIELANY
 20.940586555763	 52.309347961454	3	 BIELANY
 20.947918443868	 52.309227240136	3	 BIELANY
 20.955250280051	 52.309106063942	1	 BIALOLEKA
 20.962582064118	 52.308984432881	1	 BIALOLEKA
 20.969913795875	 52.30886234696	1	 BIALOLEKA
 20.977245475126	 52.308739806186	1	 BIALOLEKA
 20.984577101677	 52.308616810567	1	 BIALOLEKA
 20.991908675332	 52.30849336011	1	 BIALOLEKA
 20.999240195898	 52.308369454823	1	 BIALOLEKA
 21.00657166318	 52.308245094713	1	 BIALOLEKA
 21.013903076982	 52.308120279788	1	 BIALOLEKA
 21.021234437111	 52.307995010056	1	 BIALOLEKA
 21.028565743371	 52.307869285524	1	 BIALOLEKA
 21.035896995568	 52.3077431062	1	 BIALOLEKA
 21.043228193507	 52.307616472092	1	 BIALOLEKA
 21.050559336993	 52.307489383207	1	 BIALOLEKA
 21.057890425832	 52.307361839554	1	 BIALOLEKA
 21.065221459829	 52.307233841139	7	 TARGÓWEK
 21.072552438789	 52.307105387972	7	 TARGÓWEK
 21.079883362519	 52.306976480059	7	 TARGÓWEK
 20.89678630713	 52.314556860082	3	 BIELANY
 20.904119244464	 52.314438849157	3	 BIELANY
 20.911452131027	 52.31432038324	3	 BIELANY
 20.918784966625	 52.314201462338	3	 BIELANY
 20.926117751063	 52.314082086458	3	 BIELANY
 20.933450484147	 52.313962255609	3	 BIELANY
 20.940783165681	 52.313841969796	1	 BIALOLEKA
 20.94811579547	 52.313721229027	1	 BIALOLEKA
 20.95544837332	 52.313600033311	1	 BIALOLEKA
 20.962780899035	 52.313478382653	1	 BIALOLEKA
 20.970113372422	 52.313356277063	1	 BIALOLEKA
 20.977445793285	 52.313233716546	1	 BIALOLEKA
 20.984778161429	 52.313110701111	1	 BIALOLEKA
 20.992110476659	 52.312987230765	1	 BIALOLEKA
 20.999442738781	 52.312863305516	1	 BIALOLEKA
 21.0067749476	 52.312738925371	1	 BIALOLEKA
 21.014107102921	 52.312614090337	1	 BIALOLEKA
 21.02143920455	 52.312488800424	1	 BIALOLEKA
 21.028771252291	 52.312363055637	1	 BIALOLEKA
 21.03610324595	 52.312236855985	1	 BIALOLEKA
 21.043435185332	 52.312110201476	1	 BIALOLEKA
 21.050767070242	 52.311983092117	1	 BIALOLEKA
 21.058098900486	 52.311855527916	1	 BIALOLEKA
 21.065430675869	 52.311727508881	1	 BIALOLEKA
 21.072762396196	 52.31159903502	1	 BIALOLEKA
 21.080094061272	 52.31147010634	1	 BIALOLEKA
 20.896978517136	 52.319050979647	3	 BIELANY
 20.904312196457	 52.318932949708	3	 BIELANY
 20.91164582499	 52.318814464703	3	 BIELANY
 20.91897940254	 52.31869552464	3	 BIELANY
 20.926312928912	 52.318576129526	3	 BIELANY
 20.933646403911	 52.318456279369	1	 BIALOLEKA
 20.940979827342	 52.318335974176	1	 BIALOLEKA
 20.948313199011	 52.318215213954	1	 BIALOLEKA
 20.955646518723	 52.31809399871	1	 BIALOLEKA
 20.962979786281	 52.317972328452	1	 BIALOLEKA
 20.970313001493	 52.317850203188	1	 BIALOLEKA
 20.977646164162	 52.317727622925	1	 BIALOLEKA
 20.984979274094	 52.31760458767	1	 BIALOLEKA
 20.992312331094	 52.317481097431	1	 BIALOLEKA
 20.999645334967	 52.317357152215	1	 BIALOLEKA
 21.006978285518	 52.317232752031	1	 BIALOLEKA
 21.014311182553	 52.317107896885	1	 BIALOLEKA
 21.021644025876	 52.316982586786	1	 BIALOLEKA
 21.028976815293	 52.31685682174	1	 BIALOLEKA
 21.036309550609	 52.316730601757	1	 BIALOLEKA
 21.043642231628	 52.316603926842	1	 BIALOLEKA
 21.050974858157	 52.316476797005	1	 BIALOLEKA
 21.058307430001	 52.316349212253	1	 BIALOLEKA
 21.065639946964	 52.316221172593	1	 BIALOLEKA
 21.072972408853	 52.316092678034	1	 BIALOLEKA
 20.926508158133	 52.323070168641	3	 BIELANY
 20.933842375243	 52.322950299172	1	 BIALOLEKA
 20.941176540767	 52.322829974594	1	 BIALOLEKA
 20.94851065451	 52.322709194914	1	 BIALOLEKA
 20.955844716278	 52.32258796014	1	 BIALOLEKA
 20.963178725875	 52.322466270278	1	 BIALOLEKA
 20.970512683106	 52.322344125336	1	 BIALOLEKA
 20.977846587777	 52.322221525322	1	 BIALOLEKA
 20.985180439691	 52.322098470244	1	 BIALOLEKA
 20.992514238656	 52.321974960108	1	 BIALOLEKA
 20.999847984474	 52.321850994922	1	 BIALOLEKA
 21.007181676953	 52.321726574694	1	 BIALOLEKA
 21.014515315896	 52.321601699432	1	 BIALOLEKA
 21.021848901108	 52.321476369143	1	 BIALOLEKA
 21.029182432396	 52.321350583834	1	 BIALOLEKA
 21.036515909563	 52.321224343515	1	 BIALOLEKA
 21.043849332416	 52.321097648191	1	 BIALOLEKA
 21.051182700759	 52.320970497871	1	 BIALOLEKA
 21.058516014397	 52.320842892563	1	 BIALOLEKA
 21.065849273135	 52.320714832275	1	 BIALOLEKA
 21.073182476779	 52.320586317013	1	 BIALOLEKA
 20.926703438744	 52.327564203802	1	 BIALOLEKA
 20.93403839816	 52.327444315018	1	 BIALOLEKA
 20.941373305972	 52.327323971051	1	 BIALOLEKA
 20.948708161985	 52.32720317191	1	 BIALOLEKA
 20.956042966004	 52.3270819176	1	 BIALOLEKA
 20.963377717834	 52.32696020813	1	 BIALOLEKA
 20.97071241728	 52.326838043507	1	 BIALOLEKA
 20.978047064147	 52.326715423739	1	 BIALOLEKA
 20.985381658239	 52.326592348832	1	 BIALOLEKA
 20.992716199363	 52.326468818795	1	 BIALOLEKA
 21.000050687323	 52.326344833636	1	 BIALOLEKA
 21.007385121923	 52.32622039336	1	 BIALOLEKA
 21.014719502969	 52.326095497977	1	 BIALOLEKA
 21.022053830266	 52.325970147494	1	 BIALOLEKA
 21.029388103619	 52.325844341919	1	 BIALOLEKA
 21.036722322833	 52.325718081259	1	 BIALOLEKA
 21.044056487713	 52.325591365522	1	 BIALOLEKA
 21.051390598064	 52.325464194715	1	 BIALOLEKA
 21.058724653692	 52.325336568848	1	 BIALOLEKA
 21.0660586544	 52.325208487926	1	 BIALOLEKA
 21.073392599995	 52.325079951959	1	 BIALOLEKA
 21.080726490281	 52.324950960954	1	 BIALOLEKA
 21.088060325064	 52.324821514918	1	 BIALOLEKA
 20.926898770765	 52.332058235009	1	 BIALOLEKA
 20.934234472681	 52.331938326906	1	 BIALOLEKA
 20.941570122976	 52.331817963547	1	 BIALOLEKA
 20.948905721454	 52.33169714494	1	 BIALOLEKA
 20.956241267919	 52.331575871091	1	 BIALOLEKA
 20.963576762177	 52.331454142009	1	 BIALOLEKA
 20.970912204033	 52.331331957701	1	 BIALOLEKA
 20.978247593291	 52.331209318174	1	 BIALOLEKA
 20.985582929757	 52.331086223436	1	 BIALOLEKA
 20.992918213235	 52.330962673494	1	 BIALOLEKA
 21.00025344353	 52.330838668356	1	 BIALOLEKA
 21.007588620447	 52.330714208029	1	 BIALOLEKA
 21.014923743791	 52.330589292521	1	 BIALOLEKA
 21.022258813368	 52.33046392184	1	 BIALOLEKA
 21.029593828981	 52.330338095994	1	 BIALOLEKA
 21.036928790437	 52.330211814989	1	 BIALOLEKA
 21.04426369754	 52.330085078835	1	 BIALOLEKA
 21.051598550094	 52.329957887538	1	 BIALOLEKA
 21.058933347906	 52.329830241106	1	 BIALOLEKA
 21.066268090779	 52.329702139547	1	 BIALOLEKA
 21.07360277852	 52.32957358287	1	 BIALOLEKA
 21.080937410932	 52.329444571081	1	 BIALOLEKA
 20.927094154212	 52.336552262262	1	 BIALOLEKA
 20.934430598825	 52.336432334836	1	 BIALOLEKA
 20.941766991797	 52.336311952081	1	 BIALOLEKA
 20.949103332935	 52.336191114004	1	 BIALOLEKA
 20.956439622042	 52.336069820613	1	 BIALOLEKA
 20.963775858923	 52.335948071915	1	 BIALOLEKA
 20.971112043384	 52.335825867917	1	 BIALOLEKA
 20.978448175228	 52.335703208628	1	 BIALOLEKA
 20.985784254262	 52.335580094054	1	 BIALOLEKA
 20.993120280289	 52.335456524203	1	 BIALOLEKA
 21.000456253115	 52.335332499082	1	 BIALOLEKA
 21.007792172544	 52.3352080187	1	 BIALOLEKA
 21.015128038382	 52.335083083064	1	 BIALOLEKA
 21.022463850433	 52.334957692181	1	 BIALOLEKA
 21.029799608502	 52.334831846059	1	 BIALOLEKA
 21.037135312394	 52.334705544706	1	 BIALOLEKA
 21.044470961914	 52.33457878813	1	 BIALOLEKA
 21.051806556867	 52.334451576338	1	 BIALOLEKA
 21.059142097057	 52.334323909338	1	 BIALOLEKA
 21.066477582291	 52.334195787138	1	 BIALOLEKA
 21.073813012372	 52.334067209746	1	 BIALOLEKA
 21.081148387106	 52.333938177169	1	 BIALOLEKA
 20.927289589104	 52.341046285562	1	 BIALOLEKA
 20.934626776608	 52.340926338809	1	 BIALOLEKA
 20.941963912454	 52.340805936654	1	 BIALOLEKA
 20.949300996446	 52.340685079103	1	 BIALOLEKA
 20.95663802839	 52.340563766165	1	 BIALOLEKA
 20.963975008089	 52.340441997847	1	 BIALOLEKA
 20.97131193535	 52.340319774156	1	 BIALOLEKA
 20.978648809976	 52.3401970951	1	 BIALOLEKA
 20.985985631773	 52.340073960686	1	 BIALOLEKA
 20.993322400544	 52.339950370922	1	 BIALOLEKA
 21.000659116096	 52.339826325816	1	 BIALOLEKA
 21.007995778233	 52.339701825374	1	 BIALOLEKA
 21.015332386759	 52.339576869605	1	 BIALOLEKA
 21.022668941479	 52.339451458516	1	 BIALOLEKA
 21.030005442199	 52.339325592115	1	 BIALOLEKA
 21.037341888722	 52.339199270409	1	 BIALOLEKA
 21.044678280855	 52.339072493407	1	 BIALOLEKA
 21.052014618401	 52.338945261116	1	 BIALOLEKA
 21.059350901167	 52.338817573544	1	 BIALOLEKA
 21.066687128955	 52.338689430698	1	 BIALOLEKA
 21.074023301572	 52.338560832588	1	 BIALOLEKA
 21.081359418822	 52.338431779219	1	 BIALOLEKA
 20.927485075459	 52.345540304908	1	 BIALOLEKA
 20.93482300605	 52.345420338824	1	 BIALOLEKA
 20.942160884964	 52.345299917265	1	 BIALOLEKA
 20.949498712006	 52.345179040237	1	 BIALOLEKA
 20.956836486982	 52.345057707748	1	 BIALOLEKA
 20.964174209695	 52.344935919806	1	 BIALOLEKA
 20.971511879951	 52.344813676418	1	 BIALOLEKA
 20.978849497554	 52.344690977591	1	 BIALOLEKA
 20.986187062309	 52.344567823334	1	 BIALOLEKA
 20.99352457402	 52.344444213652	1	 BIALOLEKA
 21.000862032493	 52.344320148555	1	 BIALOLEKA
 21.008199437532	 52.34419562805	1	 BIALOLEKA
 21.015536788941	 52.344070652144	1	 BIALOLEKA
 21.022874086526	 52.343945220845	1	 BIALOLEKA
 21.030211330092	 52.34381933416	1	 BIALOLEKA
 21.037548519442	 52.343692992098	1	 BIALOLEKA
 21.044885654383	 52.343566194666	1	 BIALOLEKA
 21.052222734718	 52.343438941872	1	 BIALOLEKA
 21.059559760252	 52.343311233724	1	 BIALOLEKA
 21.066896730791	 52.343183070228	1	 BIALOLEKA
 21.074233646138	 52.343054451395	1	 BIALOLEKA
 20.920341887924	 52.350153850162	1	 BIALOLEKA
 20.927680613295	 52.3500343203	1	 BIALOLEKA
 20.935019287167	 52.349914334881	1	 BIALOLEKA
 20.942357909345	 52.349793893914	1	 BIALOLEKA
 20.949696479633	 52.349672997405	1	 BIALOLEKA
 20.957034997836	 52.349551645361	1	 BIALOLEKA
 20.964373463758	 52.349429837791	1	 BIALOLEKA
 20.971711877205	 52.349307574702	1	 BIALOLEKA
 20.97905023798	 52.349184856101	1	 BIALOLEKA
 20.986388545888	 52.349061681995	1	 BIALOLEKA
 20.993726800734	 52.348938052393	1	 BIALOLEKA
 21.001065002324	 52.348813967302	1	 BIALOLEKA
 21.00840315046	 52.348689426729	1	 BIALOLEKA
 21.015741244948	 52.348564430682	1	 BIALOLEKA
 21.023079285593	 52.348438979168	1	 BIALOLEKA
 21.0304172722	 52.348313072196	1	 BIALOLEKA
 21.037755204572	 52.348186709773	1	 BIALOLEKA
 21.045093082516	 52.348059891907	1	 BIALOLEKA
 21.052430905834	 52.347932618606	1	 BIALOLEKA
 21.059768674333	 52.347804889877	1	 BIALOLEKA
 21.067106387817	 52.347676705728	1	 BIALOLEKA
 21.074444046091	 52.347548066167	1	 BIALOLEKA
 21.081781648959	 52.347418971202	1	 BIALOLEKA
 20.920536733764	 52.354647880865	1	 BIALOLEKA
 20.92787620263	 52.354528331738	1	 BIALOLEKA
 20.935215619979	 52.354408326981	1	 BIALOLEKA
 20.942554985616	 52.354287866601	1	 BIALOLEKA
 20.949894299345	 52.354166950607	1	 BIALOLEKA
 20.957233560971	 52.354045579005	1	 BIALOLEKA
 20.964572770297	 52.353923751803	1	 BIALOLEKA
 20.97191192713	 52.353801469008	1	 BIALOLEKA
 20.979251031272	 52.353678730629	1	 BIALOLEKA
 20.986590082529	 52.353555536671	1	 BIALOLEKA
 20.993929080706	 52.353431887144	1	 BIALOLEKA
 21.001268025607	 52.353307782054	1	 BIALOLEKA
 21.008606917036	 52.353183221409	1	 BIALOLEKA
 21.015945754799	 52.353058205217	1	 BIALOLEKA
 21.023284538699	 52.352932733486	1	 BIALOLEKA
 21.030623268542	 52.352806806222	1	 BIALOLEKA
 21.037961944132	 52.352680423434	1	 BIALOLEKA
 21.045300565273	 52.35255358513	1	 BIALOLEKA
 21.052639131771	 52.352426291317	1	 BIALOLEKA
 21.05997764343	 52.352298542004	1	 BIALOLEKA
 21.067316100054	 52.352170337197	1	 BIALOLEKA
 21.074654501449	 52.352041676904	1	 BIALOLEKA
 21.081992847419	 52.351912561135	1	 BIALOLEKA
 20.928071843482	 52.359022339222	1	 BIALOLEKA
 20.935412004504	 52.358902315122	1	 BIALOLEKA
 20.942752113795	 52.358781835327	1	 BIALOLEKA
 20.950092171161	 52.358660899843	1	 BIALOLEKA
 20.957432176404	 52.358539508679	1	 BIALOLEKA
 20.964772129331	 52.358417661841	1	 BIALOLEKA
 20.972112029744	 52.358295359337	1	 BIALOLEKA
 20.97945187745	 52.358172601175	1	 BIALOLEKA
 20.986791672251	 52.358049387362	1	 BIALOLEKA
 20.994131413954	 52.357925717905	1	 BIALOLEKA
 21.001471102362	 52.357801592813	1	 BIALOLEKA
 21.023489845862	 52.357426483797	1	 BIALOLEKA
 21.030829319137	 52.357300536238	1	 BIALOLEKA
 21.038168738139	 52.357174133082	1	 BIALOLEKA
 21.045508102674	 52.357047274335	1	 BIALOLEKA
 21.052847412547	 52.356919960006	1	 BIALOLEKA
 21.060186667561	 52.356792190104	1	 BIALOLEKA
 21.067525867521	 52.356663964635	1	 BIALOLEKA
 21.074865012232	 52.356535283607	1	 BIALOLEKA
 20.942949293901	 52.363275800091	1	 BIALOLEKA
 20.950290095098	 52.363154845114	1	 BIALOLEKA
 20.957630844155	 52.363033434383	1	 BIALOLEKA
 20.964971540877	 52.362911567905	1	 BIALOLEKA
 21.001674232607	 52.362295399578	1	 BIALOLEKA
 21.038375586614	 52.361667838714	1	 BIALOLEKA
 21.045715694738	 52.361540959521	1	 BIALOLEKA
 21.05305574818	 52.361413624673	1	 BIALOLEKA
 21.060395746745	 52.361285834177	1	 BIALOLEKA
 21.067735690237	 52.361157588042	1	 BIALOLEKA
 21.07507557846	 52.361028886275	1	 BIALOLEKA
 20.957829564241	 52.367527356118	1	 BIALOLEKA
 20.965171004954	 52.367405469996	1	 BIALOLEKA
 21.067945568221	 52.365651207419	1	 BIALOLEKA
